10000
1480
3624
9615
6566
2940
8611
2954
5464
4730
3074
6966
1005
9957
7126
2187
449
7761
7072
5610
7441
9688
3807
2496
5737
3052
7090
1941
5299
3915
7050
8729
8053
3032
5333
1888
6808
413
2433
5529
7599
6048
6150
9927
195
9233
2289
213
4279
7057
9281
825
8775
2521
3608
3105
139
3428
6222
3297
8119
9502
2084
265
3012
3909
3174
9640
3414
3034
342
5994
6204
6542
1499
5679
9585
7464
6382
5375
4269
9787
4490
6680
6266
6402
8198
76
5989
7214
8196
9504
3155
8156
2522
6484
6401
1997
1417
820
1281
8591
9311
7841
6105
7785
5111
2994
4597
2393
5245
3592
9534
4613
3764
2995
1174
1212
4283
6805
6285
5323
196
5916
3244
8558
4442
827
1067
410
4082
6118
2591
9238
9344
3961
4719
2090
157
9138
9463
6730
8234
4278
1100
2394
3447
886
7426
8726
2712
3143
7932
9606
2635
6211
3487
5622
9528
1526
5501
2209
4311
2833
7295
8832
9424
2750
6509
7232
2254
1940
6186
6100
8741
4145
5330
6435
4713
9190
4233
533
348
1309
6649
9784
174
4266
2473
395
4242
2306
9035
9599
1447
5589
8755
4141
6872
8696
753
484
9529
4980
9558
7256
6451
7208
2805
2465
7175
7809
546
9477
5296
4190
6417
4039
3053
4200
1341
6575
1358
770
6442
4534
1442
3175
8407
1469
2977
8115
2667
9056
7673
9826
661
3537
7755
6566
1782
9505
2397
5446
9076
8553
8556
1739
1514
5868
3653
1611
6240
275
100
2403
932
7340
3815
1228
5844
4279
8713
6996
2496
3405
8321
6006
5138
134
3756
4137
2740
2742
6886
50
7627
8587
8207
6603
4671
6207
9090
1368
5884
7751
2328
5062
6966
7693
1611
4514
2075
820
835
912
8948
3272
3723
1344
595
1419
2884
355
1523
9948
8784
1675
7572
8787
2615
7400
9735
5202
5120
569
9758
9066
481
8534
3248
1401
3941
6384
7918
6115
9897
6251
1531
1061
518
126
8672
8677
8612
2855
5702
3073
1102
2146
5450
1261
3230
9137
1590
1563
4488
4156
8447
8108
6908
5797
4403
58
3610
614
7196
6826
8797
2562
4381
50
2079
4990
2321
1705
2825
946
683
9853
7808
6373
558
4265
5600
6027
3848
946
6668
4019
6106
6653
7020
648
3570
9498
7740
75
563
6295
4069
8031
2116
3938
7463
1309
4122
9441
5171
4868
3888
3924
9621
5451
9005
2074
744
337
2602
8969
4639
9076
4912
935
277
6945
6815
1245
8824
2562
2464
4843
3171
710
250
9703
1143
8096
5690
6293
9620
5402
8955
72
5141
3406
1248
9014
280
7483
5118
2182
672
472
3657
2734
5910
8716
2017
6710
1572
6834
2517
4568
2317
6600
722
3354
5109
867
859
6722
8028
8575
5467
8044
1994
4016
2724
2705
4640
4142
1614
7893
9123
3835
6347
5951
4557
3337
3901
6256
3391
2086
8775
9415
6933
2590
5519
9781
8781
6509
3089
5278
1855
2718
2333
2979
2991
3466
7270
1806
7670
9524
8917
2372
1645
1101
2653
9982
9782
5385
2196
6439
5677
1376
6295
2101
8056
3706
5490
6989
948
6709
5680
8097
8295
8552
2966
5173
5482
8998
8465
1105
6898
54
5480
1626
9025
7524
8020
9490
7682
3485
9472
4830
9703
5767
9437
2307
6131
2911
289
8607
3626
3544
4091
6089
3912
6403
3563
9011
5136
7140
4706
4996
7667
6069
8097
4529
6593
8823
6295
9619
3048
7578
4961
9197
942
7337
3030
8561
6545
3332
1253
1486
2627
6370
5782
5316
8850
5113
6717
6399
2392
4191
3798
2130
8756
6943
3952
6372
3774
9772
7703
2675
1000
7049
6050
7773
7723
7647
3351
2854
7820
6653
7684
1857
8105
925
1655
2910
2752
7802
1813
5270
2651
8925
6025
8672
1496
3610
3437
9551
1828
7618
6150
8054
8381
4909
9996
9494
8688
2528
3732
6559
8658
9061
8467
9519
8998
2544
7500
5432
2518
7780
5380
2647
7748
4789
5560
2884
9268
2884
5386
6720
6954
2631
8941
5602
3836
8592
7551
873
2736
6971
1305
1205
61
8051
6059
8404
3011
3831
1837
3015
2532
4396
9131
150
9725
1781
9358
4862
2975
8856
769
7824
4834
3133
7221
1181
6133
1363
7376
830
2012
2179
7866
1586
3838
117
5570
9710
2316
7444
3340
4207
3850
5713
205
8530
588
2228
4424
4700
2855
4929
828
950
4408
2155
1355
2374
8950
307
6172
7207
990
1267
6172
761
4634
1019
2599
6902
6418
7534
3575
5532
9951
6526
7146
247
4776
3164
4049
8978
8170
869
8639
1089
4639
5347
3478
762
1538
3956
3066
4368
9352
6918
9211
3790
9900
2969
3033
721
2219
5702
783
6567
4603
3855
9177
3335
4287
9818
3197
2227
8548
2982
6204
1511
9900
8539
2359
149
5046
2716
790
7621
6913
5908
8974
6183
2058
4265
8943
4328
8578
1775
3664
7218
839
3598
7771
3306
2855
7213
3364
4530
2439
8034
4148
86
4340
4039
5427
663
9386
2661
808
6747
1588
6103
2114
4252
8087
1258
2639
2483
4272
6123
7293
5770
4387
2870
8322
7301
4190
888
2216
6593
8476
212
4340
9773
2524
2648
2040
1150
8246
4090
730
1684
8380
4380
8908
9083
2992
7951
4920
6844
6447
908
5410
9822
6201
2194
60
4730
8970
3630
8911
5755
272
5974
3293
5829
6849
5897
2464
6282
3788
5204
8383
3815
7009
7422
729
728
6608
2145
6619
2170
9189
5830
6069
854
5032
1437
6637
3785
3900
1632
51
270
3659
3797
4723
6332
111
653
3467
8881
6662
4209
1621
767
5776
4345
9400
9237
1130
5185
4442
4681
7363
8701
2325
5719
1975
7835
8762
5079
9420
2243
1621
9025
52
4767
5740
661
7419
1197
729
3937
691
8761
1094
5242
4464
7399
7677
9684
6415
265
263
1092
2139
9631
1318
7318
5409
1916
8146
6928
5728
4471
2735
5588
1461
345
9591
5085
7472
2131
8956
2373
9279
3723
2349
4692
3259
6119
3727
1439
6390
2056
1602
1689
247
6864
296
3050
9984
2029
2853
7737
2775
3676
2433
2744
9060
6497
2640
4931
2372
9620
6982
3480
7448
290
6200
4022
9853
1613
4456
7477
3452
3178
2270
9968
199
2368
7752
2839
8371
4548
498
1390
9512
393
6040
8117
9386
7717
228
4137
143
6310
4054
6192
868
8334
1551
4199
9797
1735
426
9317
5622
674
7942
9749
1196
7655
2259
7395
6019
4505
6826
3775
9220
5794
9259
2734
3326
5948
3484
3129
1983
6336
3661
3059
7093
4511
4010
4297
7986
5472
9942
6975
899
6180
9540
3612
9048
8339
153
1978
1681
2287
6516
2649
3015
457
6200
6142
5601
4458
8016
8869
4876
6787
6347
5562
247
4280
358
4794
3486
7708
5818
8110
817
1044
840
1697
5732
2308
9527
3033
1472
5887
4997
5950
2806
5547
3559
517
4711
2405
1585
2867
7863
7998
4714
221
7328
632
8280
4879
4576
6487
1374
3493
3627
2948
400
6557
9921
2726
5173
1486
3723
6894
4602
1405
1947
6900
5289
1081
8686
3795
9343
7755
4329
3957
9785
5349
2506
8606
6939
5887
4512
5033
339
5626
2383
6812
2454
8211
9315
4720
943
7164
1042
7464
8278
7724
823
6130
2288
5094
5336
4262
3281
8612
4901
4836
469
3067
6158
3058
3115
6604
6563
2761
9819
6098
727
2351
4273
7463
5834
1931
7607
6816
1069
1385
5629
2917
6058
7669
2192
2755
5454
2730
9363
4980
6229
7268
903
6654
294
6536
5802
1240
6381
980
6403
407
2927
6210
7193
831
1825
2611
6035
454
2698
8187
2897
2133
8708
7036
8818
6170
4179
6723
5274
7786
4004
7766
7095
3794
7254
5086
6816
8712
5833
2073
1896
5831
8980
9063
4905
4547
2865
1495
3957
6073
2349
2662
6972
3945
7460
7162
2808
3600
2057
309
6165
4775
7585
3698
1810
8595
680
9949
9398
3260
9718
9789
7334
3961
5122
7936
4583
5073
7158
2441
4406
5115
5392
8017
772
632
3044
5926
9867
6690
4207
8628
7455
5701
5192
7574
6554
9409
3043
8187
2485
5988
636
2437
3187
7465
4638
9668
3502
1078
3383
5951
4704
8074
2408
5274
3817
6321
4881
5400
2385
8969
8259
1211
6566
7706
1996
7542
2337
4384
7908
52
1038
1614
1974
5239
7183
3981
6372
4060
7510
635
5326
210
3119
4854
3424
4498
2160
3160
9033
4885
7673
4978
964
8081
6545
5215
4957
7353
5420
3088
2132
4247
982
6472
3998
9313
2273
4106
2750
998
6645
916
3325
852
6833
7130
1248
101
2778
4068
3690
2504
4947
7957
9374
1988
3049
1768
4306
799
6707
5991
3673
9054
1817
6699
6585
116
5656
6808
6101
8086
2279
5491
7479
9445
295
1800
3436
1087
1812
1778
437
2081
1371
7793
2099
651
5146
9428
412
6111
975
4387
1147
7385
5756
2333
4569
9475
1548
918
9681
3000
1512
6385
2365
6107
8381
5343
1036
3144
8029
5645
8557
2106
5411
5304
9386
8301
3029
2256
377
918
5896
620
7077
503
8004
1836
3112
3060
8846
3618
8743
4046
2245
5469
9281
5215
2028
5114
8108
221
3518
3236
8132
9758
3494
6021
4245
4815
8916
7758
8433
9862
1823
6852
7191
5361
7199
9708
6489
814
540
5765
1809
9885
8756
2774
2525
7838
1507
4636
9874
4249
7947
7188
4791
9772
1416
6459
796
7795
3234
8906
3595
1070
6106
218
7902
8050
7460
6258
404
4265
4430
63
721
8464
9607
6231
7986
5659
8137
7771
6783
7143
4246
5426
3778
9041
5193
2438
8914
4037
3255
827
7503
2319
3635
5436
5807
9949
2919
6748
8766
5726
1755
5075
7296
844
7476
6320
1976
2633
5633
2294
2252
5713
1805
2829
9088
306
3028
7519
6638
8572
2660
9813
1460
5511
7655
6536
7105
189
1694
6550
6869
615
6280
8953
6107
4092
3301
1909
3424
6994
7676
1755
658
4124
7561
7294
1832
6704
2560
9645
1310
3596
4089
3413
5249
5276
6078
5294
2997
6493
3886
5961
5106
1236
5118
5025
7838
5081
2024
2718
2355
1453
9241
868
9497
9695
9120
4248
1519
6080
4115
6575
4193
4138
6030
800
235
5616
8963
201
1104
4883
6201
1557
217
7311
1309
2293
8325
2936
4044
2984
376
3740
2863
2101
7623
6988
399
2532
131
996
1101
3269
1038
9596
7700
4145
1916
5362
9138
257
8562
5742
6081
5510
4712
5823
3006
2948
6785
8082
3081
6318
9386
9966
5732
4058
5245
7266
2487
4944
5139
9915
5608
8606
5896
9417
3524
8900
1232
9829
7266
1748
271
6729
7605
4231
1693
8236
617
5588
9806
2968
7655
6041
453
8143
1004
3435
8133
7052
8888
6731
9608
4628
263
8758
4363
214
557
2269
199
8519
1872
5041
9352
3403
7744
9682
3053
5667
6324
6354
5078
7063
7753
5156
9409
9425
4846
1487
6452
5555
6209
9006
6492
5291
4783
9944
7412
7750
5451
9850
7415
1625
1509
5834
8915
7271
71
3623
2119
1330
221
3476
3257
8596
9695
3796
3325
4286
8174
4588
4168
6651
7541
6418
5729
8189
103
8223
4497
2038
9612
7390
9243
5586
8699
2983
9735
9222
2059
3439
7406
1691
2449
455
8070
3078
8896
8392
6618
5692
4377
5595
4043
9825
9067
426
1910
8628
7112
1093
997
7376
9180
7893
785
1656
5615
9303
8661
5712
8390
774
5092
843
7810
7987
6690
952
6310
4361
1747
6707
1947
7978
2813
9418
6518
674
2117
5291
2766
5981
2062
6292
5705
7762
5326
6003
5895
2456
4686
2613
4005
143
7530
5474
6990
5718
3483
4279
375
1292
1004
4766
2862
5993
4770
6532
4390
5433
2280
8954
7231
6923
9321
8396
5905
3989
373
9811
4549
7177
945
3374
6785
3287
158
119
4086
9097
2046
1256
8044
3086
323
6752
3182
2252
8810
1510
3540
4175
6167
5057
8140
3813
3392
3541
1101
8564
2752
9811
7806
2059
8365
3643
2564
1547
4314
9523
6663
4650
2054
5249
7501
2724
8221
7106
5701
9370
1670
4080
7876
9361
4561
1400
1705
8413
2584
4534
4742
5608
2644
9779
6061
3545
7676
4821
3162
8149
2244
3537
2384
144
9209
7986
6231
5026
4588
1401
5460
9152
8058
3902
3566
7861
4076
9074
4420
9618
3095
9657
1516
2800
4625
9359
8449
8514
845
8671
9633
3304
6515
9970
701
4809
2665
5582
6363
8663
6073
3417
6056
1071
5224
449
5697
194
6332
7728
9589
6497
1203
6449
5495
57
930
118
5429
6021
9140
6860
846
2693
7960
1224
9045
9786
91
4736
7418
7415
2336
4705
7508
9355
7772
8399
2703
2065
8631
6882
589
2477
1868
774
4527
7205
8572
8792
6329
3666
8083
2713
4093
854
8163
4682
8563
5915
3366
9766
344
572
3630
5516
9895
4164
3873
7559
7935
9414
4003
391
1953
7060
9178
8773
1400
6199
7366
6655
9856
2783
4635
818
5216
6073
8401
8710
7861
2027
5020
5253
6902
3220
6549
3749
929
947
7677
7117
4114
843
7513
9606
436
5634
734
9485
8175
851
5999
3450
7444
8515
184
2209
8258
8649
5045
4092
9045
262
6252
8226
5027
2557
6483
2095
8541
8533
7843
8786
4175
5464
7602
6669
4525
1997
5995
1935
2418
7698
2532
8320
4857
1080
6115
1394
2084
8134
3969
8184
7939
7703
8238
1148
6864
2148
4760
8123
5175
1103
3424
4330
1571
609
4840
4839
593
5908
4940
1776
2918
6152
5526
8823
1586
7472
8066
7231
3416
4605
642
7149
1523
7485
183
7686
4031
6213
7114
4335
6403
5235
8235
7970
941
9486
6654
180
3161
2270
5674
2450
587
5255
730
4930
7411
4229
4451
7567
2943
4752
4859
1139
2931
3852
7860
3277
736
9556
4967
6260
752
8958
5249
6893
9629
8951
1851
7969
7241
6005
7674
8424
3179
910
1338
3880
3247
9099
2979
62
671
540
9585
1894
762
267
4650
2084
1460
9613
2403
8010
1097
5604
2823
6209
5086
6930
6204
8560
3979
5985
824
1737
7306
4746
9777
4940
7726
3719
7597
9498
3881
1766
3691
2094
8345
2803
634
7827
9418
3336
8975
4103
1907
8919
4553
4298
2659
3271
4306
6024
2053
9576
9966
5977
9997
4785
1908
9912
6751
2745
2494
3382
3366
3320
8584
7426
8414
6806
309
5996
6969
6007
6843
3364
6918
6829
2315
9480
4594
3125
8740
5603
9655
6178
8018
4426
2877
9397
2912
2587
6170
6777
2835
7132
242
8217
3753
2020
1059
4310
5192
7326
8592
4170
8768
1815
773
9760
9361
7173
5299
8246
621
9465
3763
6133
3661
8559
444
9750
9142
6105
1792
6422
9428
2237
1533
494
1158
9479
5278
5271
403
2610
8722
3865
3388
7710
6821
6021
5953
8799
8373
6883
1458
1399
9040
5424
8772
9677
5345
7099
8180
580
1136
7132
8907
7843
6129
2421
1322
8266
1801
9412
1198
4242
9811
1373
6140
5970
2436
4433
1114
6165
8347
9588
2552
3943
6421
7999
9741
806
8364
1435
4772
6263
6554
5143
3557
3579
81
861
6288
7034
9947
4868
9921
6658
2712
9393
764
4284
6856
8692
6021
9488
6648
7065
1766
6052
9634
2403
8328
4438
9755
3724
7505
9709
9846
2392
9257
6752
399
558
8900
6839
3754
1813
9719
1374
107
5714
3261
9781
4971
571
6067
897
5294
7847
6066
234
7050
4039
5819
2162
9053
7323
5434
4804
1334
9114
2285
3813
6419
8395
6430
8116
8471
2045
3859
9382
1026
104
5930
2215
8071
7069
1158
1222
99
712
2876
6879
9145
1287
5509
1797
7949
819
4903
280
2891
4693
6687
2475
3124
795
1963
7539
1856
9462
7671
4368
5942
7019
5725
5515
3637
279
1271
7834
5152
7926
6626
5791
3740
8869
3336
4734
3069
4506
2133
6340
9164
7370
8497
3207
8813
3896
6456
6712
2849
7222
4625
1025
7434
969
2982
3521
7555
1425
4561
1169
7162
4224
2355
2908
3691
472
8006
1199
9742
2944
600
783
6905
6883
951
7940
7119
337
4669
2025
6548
6714
9502
9509
9261
8619
5303
1689
8573
2417
2721
6933
9177
9012
7020
5702
1721
3399
4871
7025
5353
5088
2225
5315
5859
2605
1300
8824
6554
9215
3400
1801
3986
994
3114
1618
5191
6571
3985
6060
6949
2366
5809
577
3643
3066
4272
1684
4448
1171
3426
5654
2986
7617
6982
619
1458
6023
4600
8020
8071
6388
8078
6106
7429
7384
3222
4454
9131
5602
8637
8047
6026
841
7789
9366
6725
6742
4348
80
2923
3212
7507
9568
8998
7348
2361
4330
7540
7646
6835
2498
2132
6703
5364
2936
4067
8314
9464
2204
5358
6284
8898
5073
3893
4836
8180
7872
2146
7580
7046
3970
9552
3913
7883
1033
8832
4595
4614
4236
1822
9478
6140
2427
6721
9249
1689
3000
9114
2201
1986
9774
6348
3393
3763
2044
4341
2987
7740
583
5585
9554
6386
4323
1128
7532
2032
9848
3818
1525
1581
9373
8146
4584
8916
2391
783
5844
1593
4033
8285
9345
5910
1758
4909
4121
6242
5026
7980
9332
418
2517
1990
1161
6898
1980
5645
6077
8557
4711
8873
3634
2468
4126
1400
9189
1746
523
3140
8008
9492
8455
4503
7755
2895
6801
9955
416
9673
2043
2866
9227
9479
63
2918
2721
7076
9621
840
6842
1756
4429
5236
6203
8970
6776
5031
593
4332
5397
3081
9584
445
7373
5043
8058
9222
3261
6482
2168
5831
9834
2373
2013
2004
4504
6994
2627
91
7111
1767
1000
7635
5915
3962
6336
6117
63
9825
7186
7275
712
1384
2320
8920
3524
2148
1740
6507
8586
1840
3973
6268
7681
6588
7560
928
2237
4436
4445
3757
8941
4078
768
5218
824
6768
3099
6989
1227
4617
1305
1395
298
2829
6584
2806
4305
3425
5937
5851
2407
4413
3557
6221
5917
2180
4437
9151
6344
9522
2211
7726
241
8545
4607
2608
6565
5870
6111
7098
6737
2213
58
6206
1076
750
837
9899
9335
4282
5669
2498
3469
3440
600
7013
3749
8901
9304
1540
344
5524
1780
5292
4966
4965
4671
4763
4121
4681
8376
9469
1318
6238
8705
3410
3412
7190
1361
3316
6614
5011
1541
3238
5045
9488
7179
6532
3530
5623
8811
5198
6561
9789
3883
2260
3718
9339
3457
1725
2502
1251
2225
9542
4179
4342
9468
1631
4773
5385
1863
3474
9726
8574
6156
281
7781
2219
7528
7945
2858
9832
3052
1121
1609
6667
262
3285
2896
6852
4052
9026
7847
3599
4101
5217
8925
5135
6364
9836
2546
693
5410
9919
6936
2891
4025
7225
5385
5562
474
197
9908
4932
1117
318
5336
9516
4747
2129
6718
1040
3646
8063
7501
1286
9483
3558
5779
3611
7876
3160
5595
4803
9543
8277
6165
6438
3100
4252
9318
1657
6819
9554
5600
4166
4539
7729
7820
4503
7631
4434
4204
7999
5119
6664
7319
8953
1537
8128
393
7519
7643
1414
571
3476
1054
6619
4938
8729
4180
3290
7222
5998
2456
3107
4565
9420
5365
319
1955
3582
8086
5412
3368
102
316
5815
9641
7053
1550
9247
9607
6817
9336
297
4248
9473
1694
4807
8778
2599
8844
1877
96
1172
2340
1223
7206
727
5719
3005
4788
9984
6387
8954
4847
3396
4950
8525
3883
8836
5891
1239
4427
3962
1967
130
3174
3758
6512
1108
5381
7652
9631
6101
5144
5596
5501
9146
9335
1432
2003
5322
9935
7242
560
7429
5669
7496
2370
5602
7310
8670
7175
8772
8617
1711
948
5023
6347
7301
8450
2183
8725
8457
2430
4432
7383
6350
8526
9947
7899
4159
7599
1870
4358
1201
2750
2712
5059
2345
2295
1510
6215
9473
2835
9154
7271
9750
1883
6944
2762
964
2585
5843
8487
2265
7754
9898
209
7279
357
7203
9525
9294
1912
6210
3380
1593
1314
1982
5091
8494
8028
957
410
3418
8965
3772
2315
6042
7337
8567
2277
4168
1374
3658
7503
6257
3036
8002
404
7164
750
6283
3768
6604
6702
9566
7024
1988
8491
7662
5260
8166
4350
8933
812
1556
4726
5202
7061
4954
8838
9445
4312
9467
2126
5786
841
8325
6890
4051
305
2249
7887
6025
2512
4704
3830
126
9751
7236
5642
9721
8470
6874
4159
5088
1175
3719
7102
2786
413
7439
3937
5092
3711
827
1501
2091
6068
4771
4043
990
6881
2119
7026
9506
2320
5805
8613
5305
4020
6619
1935
6684
1668
936
6061
991
9144
7021
5890
6193
3706
7873
4332
8655
5824
8297
8896
2329
3654
4293
7138
9532
1959
9706
5797
6929
1106
5074
6994
9592
1270
2027
960
2215
6079
7702
8549
1277
6010
1692
3913
400
7721
5806
9543
778
2156
6349
1458
9394
3448
184
3843
9870
5171
3818
3135
1530
6347
1794
1625
8321
5016
3419
6742
280
6100
1453
7373
7803
9367
6997
8548
6647
6578
1151
1807
3302
7360
8675
7966
8392
2334
8306
4433
5325
7201
9963
4356
6360
7335
2089
7969
4802
7972
433
2706
8463
4659
4971
5728
8371
509
1621
5312
3666
120
6486
7749
1158
895
6944
6378
6556
1590
158
3181
1414
9502
7424
9685
6633
4246
4574
2303
2572
4900
804
6166
9755
6753
3619
2867
8944
6163
6131
3900
7144
3059
2475
1644
8537
8775
4392
5090
9712
4755
5932
2478
4014
2539
200
5410
8934
7949
2666
7955
9611
6584
666
2759
6082
4529
5143
8054
348
663
7419
7685
9563
3461
4506
4442
5881
6162
1739
7789
2188
6230
7631
5759
8727
4871
1789
2478
8473
5057
5354
3371
1751
7396
6889
4800
2098
3546
8758
431
505
7746
404
652
4195
578
7630
5305
7044
2316
2646
8401
3702
8257
350
7822
8441
4396
6546
4063
2573
1490
1449
7809
9516
3701
823
2736
7367
4926
3628
760
4987
8783
1731
5940
556
1838
6876
2435
8415
9738
1484
5175
4933
6596
2500
568
6101
204
277
6122
9549
4137
9400
6340
7566
941
8449
1717
3176
4877
6994
9628
4622
5758
8980
3328
3042
1424
3208
2666
3633
2964
3196
4289
6174
3477
730
7703
1159
3995
8068
5969
9539
9834
8899
7989
464
8821
1966
8315
1867
5070
6226
5150
7026
1612
8313
4322
2458
1913
2182
7407
6923
3892
8527
4396
5545
7779
1213
3741
8111
2618
3718
5332
4927
57
6619
5104
1137
5282
1027
612
6393
4959
1635
5618
5758
2714
8311
6360
1134
6556
9996
2055
5181
1126
2887
1017
4318
464
770
8321
9373
6205
587
3847
8490
9850
7822
3009
3435
2384
9869
610
7039
131
1588
9858
2096
1790
179
8958
8441
1069
1690
519
1199
8173
891
4036
5948
5133
2166
465
773
7110
7505
577
6896
6112
7011
6166
6255
2929
4992
886
381
4738
3072
7648
9466
9454
6112
6726
2188
7087
2718
8077
4803
1194
3768
3918
3916
8100
2508
2356
5934
8380
6545
2075
965
8849
7511
2751
7013
1409
5991
2884
1385
2375
8667
1926
713
439
5227
7024
7794
571
804
5279
892
6818
3668
7083
8052
5887
176
9257
769
7331
3102
2152
3824
4285
6627
6447
3472
4944
7212
7227
8153
7895
1786
6957
6288
2753
6434
2385
7680
5413
7862
7476
4746
5506
4444
6845
2988
2571
7771
3479
8382
4263
6800
805
195
6237
8711
9943
7891
1841
1760
7567
6622
5991
9149
9072
7624
8571
1543
2811
5976
3999
8190
3855
6140
5538
780
4914
3808
4257
6576
2755
9334
1493
4198
1697
9407
7682
4143
518
1537
827
7002
9050
8322
4437
4402
424
2217
267
622
5552
8260
918
2198
1065
3676
7918
3560
2109
5368
7460
1298
8849
5763
2981
7706
965
9296
5712
9705
1380
5067
5271
1935
8646
3578
1832
2269
8453
9142
1357
8180
8895
1963
1143
6167
5878
4904
7542
5341
8714
1581
1648
2693
8576
1401
2689
7250
5320
745
2407
3873
4719
4777
3476
431
2187
9620
6482
2825
6781
8974
7601
3330
8158
6977
9287
3731
3620
4059
1462
1614
4432
5088
6197
3502
2423
1124
4413
8341
9901
8003
736
4218
3293
9047
3708
5466
7587
1296
2616
4314
1561
89
9842
9468
281
907
7517
3552
65
5705
3678
7577
6120
2808
3511
2778
1776
5807
2596
5035
4378
9777
4377
2230
2824
3201
4972
4965
987
8224
1451
9924
8093
8319
7532
4036
5692
4189
6617
2677
1286
3104
3182
2050
5829
7786
5824
4583
5577
1656
4255
4371
8226
4632
8200
609
9559
2743
6354
4743
5586
2152
8203
6145
3031
4619
8192
6737
3783
5903
2393
9463
9297
3990
5808
8476
9649
6645
336
2962
5027
1436
2089
2818
2309
2342
9437
7487
6136
1993
9406
361
2290
8569
9692
9067
3773
274
7988
9212
4481
5265
5521
7126
4444
1050
5954
696
1975
5444
2923
796
7036
2357
1573
6125
8254
1101
196
2347
5783
4871
6951
4493
5888
4648
3291
5870
9812
3289
4762
5276
1005
5970
2536
9331
8570
6620
6653
4944
2248
3204
4743
8898
2075
1299
3990
1092
3367
2739
2384
3648
5071
8218
5759
6402
6130
2529
9069
8902
7611
1554
7586
3896
8854
3947
842
8255
7243
8845
4595
8466
106
3524
6852
1051
8305
2872
8923
1586
1941
7738
623
3319
8764
3624
1013
5277
6726
3536
1779
5604
5011
6824
7443
9414
2094
5612
4128
7473
3033
1287
3788
3521
9991
8955
6868
6211
7614
6126
9632
3787
9497
9344
5423
3566
3260
7090
2803
2021
6332
9603
91
7276
2524
116
2596
6594
7039
9477
3225
3802
6180
7427
9325
774
3344
4549
2866
1986
6939
1773
1397
7600
9257
1932
9729
3900
1236
4624
8452
8756
2999
2526
851
1125
646
3287
1127
4156
6417
4608
7474
1867
3763
1531
8291
2735
7162
8513
8295
2467
6080
5146
9527
1894
368
4037
1700
2170
5446
2646
2517
8610
2871
6176
4055
192
303
1648
9221
7293
9167
9180
5856
9754
971
6787
8719
6087
6015
4492
3254
8679
2973
9064
5686
8130
9295
8271
2008
9530
2870
762
7868
3902
9810
3606
5477
8976
4827
9961
9510
5630
9822
8899
8284
7984
9381
6148
8301
6146
1133
5285
1658
7219
4896
6356
8518
109
3538
852
710
8406
546
8169
3801
9459
3362
6677
2286
3694
5374
2169
6077
8283
1063
3342
714
8329
304
354
245
5866
9769
5749
5286
6185
5166
6481
6019
7009
7064
9641
9904
9810
8753
4552
6333
6197
6040
1224
1239
1860
1861
9797
307
5801
7055
2049
7019
2502
8586
2698
7657
9787
8940
8444
6845
75
2205
1928
2864
6102
1374
1897
8268
1899
74
2329
8589
2639
5283
4840
5266
2922
4655
2717
3159
950
6184
8737
7272
4639
883
2323
3386
7207
1320
7587
4437
1532
376
929
9976
9311
3030
4291
9494
7178
4970
8979
8887
6559
3980
8072
5947
4417
9075
3032
7153
2324
7035
5751
118
3117
8394
8210
3939
5373
9694
2735
2049
8487
6472
4577
9620
2391
1529
2954
964
9852
6975
8452
3456
4291
5178
8240
1652
5442
3584
1266
1734
6973
1248
1728
8283
8606
3753
4909
9966
3744
4749
3706
9238
2629
3094
7737
5817
8292
7221
553
2578
8647
5923
2983
6146
2623
190
4137
647
842
704
8695
4704
702
429
9499
8433
1511
322
9145
4245
819
662
4492
8508
6261
4888
6407
464
2658
8471
5124
5925
6770
6406
6997
894
8635
6925
5365
4015
1273
5841
2873
7539
1355
4519
9494
4803
6240
5033
8462
8885
2466
4200
8423
4869
1784
5350
2584
5008
4315
7806
5742
7457
7655
4255
2858
8561
3772
3873
8619
9469
5798
8679
7215
1192
640
9829
4571
6517
5468
5549
8646
6320
8396
952
1259
1514
6804
3469
1861
829
2556
9007
9316
9216
1254
8481
5772
1938
8561
2293
7893
3221
7175
3955
301
6691
5485
7945
1535
7624
7164
2252
7624
3406
9723
4054
6090
2121
4568
2803
7463
6282
3984
9815
3882
4594
8220
3491
9409
3549
6501
8118
8590
4923
7731
2095
4120
6352
4691
4852
9205
7054
2776
9004
7317
8653
2818
1116
8521
9362
2904
2511
3433
7228
2397
6020
8468
4493
5247
8697
5336
7985
8595
2110
6835
6826
9142
7024
4766
7405
7924
6882
4305
4505
5820
5373
846
1247
1750
9355
4087
52
6273
1467
8062
7394
4216
9943
4228
9342
2740
3568
5819
8140
153
2608
4866
7845
619
6872
1824
6785
1395
3334
4410
3129
9117
4907
5491
3840
2535
5929
718
4032
7993
3884
191
5226
1270
2527
4379
5934
9702
5190
415
429
9309
1316
2888
4636
2560
5082
2020
9611
9317
641
4817
1748
9948
4280
3912
6144
9948
1609
409
9352
2264
5202
6320
7972
8258
6518
4070
6853
3844
572
975
8175
9341
8533
1250
2915
2743
7980
602
1099
5124
8886
4517
3119
7268
4707
5735
3453
5057
9582
1148
1492
4135
7124
9478
252
6171
1755
6511
1654
9132
9392
7466
3104
3620
7909
9315
7082
6544
1588
6902
3162
2697
9335
1462
791
7586
8071
7325
715
8331
1808
9093
316
4924
139
5455
411
8143
9507
4576
4544
3207
9071
8810
968
4056
5787
4923
3231
647
7635
1236
6467
7052
304
5031
7740
8700
2524
9792
5374
1110
3901
3745
8527
5872
1980
8551
2828
1199
8954
2334
2392
5729
9697
1863
8077
6436
7880
7395
9107
4868
5522
3724
401
2053
5686
7605
1891
4985
2312
3240
1573
708
433
9333
6253
4573
9323
3338
6916
6667
7922
2363
801
8963
980
3649
9490
7531
8579
4518
7894
823
6038
693
8288
2049
3661
2081
9299
7256
8016
1769
5907
1095
4710
1962
2193
4075
88
9911
2955
9973
8294
7844
7733
8626
794
4861
808
7186
4600
9242
8191
326
4395
61
499
6060
3553
6632
7341
4328
4296
230
6426
5439
281
7416
7973
4698
8516
915
4221
7436
7951
2901
5533
6343
5056
4620
2190
7528
6026
9316
6176
1893
7001
5494
8102
9642
2194
9393
652
6850
7512
7197
691
6508
4513
1359
964
3205
821
8472
4492
8185
268
9669
2358
8653
1710
9712
9754
1963
7916
2288
2477
5946
4098
3972
9572
2433
6787
8219
3650
5816
2493
8747
2442
1762
7684
9779
2275
1221
4324
2312
5815