-48405
98754
46834
42504
17039
-77734
-69969
-66859
-44904
-65936
-66722
-44370
-61754
-81343
44599
25325
4563
15050
-10809
-85601
29718
79906
-60143
-68530
89408
10885
29482
76600
-18048
29941
73663
9180
-6368
60596
-44906
-51521
-69511
-20422
99642
86249
-27705
11763
95073
-48447
42058
-46908
-90110
-80610
42105
-89875
-71432
-87581
77301
-99121
-74772
-87280
-23143
-75540
-11390
-10543
-33263
-8671
-83899
62155
-34288
-86276
25889
-51233
-40719
5052
-29065
65581
56721
-33119
-10028
21178
-81744
-71267
71349
-40013
36170
49400
-65934
81069
-50154
94078
-31869
-25834
97035
21289
35173
10063
-85851
49288
60310
97424
-16992
-94564
84723
-40853
9331
-28528
63055
-30507
-44268
8140
-57146
-95743
91961
57033
83952
-39713
35733
-91614
-47134
-29231
83696
-91043
-2256
-7944
49944
90634
1705
35796
1882
-730
40767
94400
-46029
-59944
26729
56101
-89087
-27100
-51594
68245
14408
26947
27364
-1562
-6074
-6450
40867
-88982
-78692
-20804
-21713
-56357
71349
-73404
48480
-58880
-3367
-51666
-91784
55484
-74741
69405
-86850
-52817
-36929
-55752
84841
-6720
-36405
49281
2820
-9521
-21416
67702
32130
-97855
-71406
-1350
15630
59412
-6813
89621
71645
15066
58694
-94000
-12382
75100
-7509
-51908
33629
-17005
-17991
96108
12311
-57321
69335
-67465
-24390
-9681
-55542
15319
-82704
61003
3435
17248
10916
-83408
-32119
-96384
21019
-29526
5565
-44085
49537
-67838
19088
-36995
-80426
-22769
-19692
19813
88403
92920
-66171
65310
22848
67760
40219
-78204
96644
5866
-92726
79223
34960
86003
643
16592
63298
65357
-32026
-55395
-55619
82358
53437
99457
59611
-17303
-27413
-25435
-85060
-94027
38883
97025
15483
-17443
-19063
-93530
-56457
-25614
-38390
20122
-89674
-73482
43784
-37354
-87454
41324
-38729
-18360
-59266
-35711
-90222
61093
97489
-59324
40371
60103
-30972
-32154
49327
-93468
51406
-14802
-24653
-79703
-87591
-93093
97904
-18216
-95914
10769
10184
-11228
53917
-43591
-54966
72720
28354
90902
-26057
64519
-43589
-25159
17253
-5595
-21014
99437
88957
-3846
49639
-67431
-10782
-74164
-33585
51302
-3884
-27853
-71721
-16036
-72318
79245
51452
76685
-43208
48341
97922
-55906
-63216
-48063
79596
34843
-42704
-48903
30243
-60506
77502
-21396
65865
-43245
-94150
86557
-86771
34007
-72480
38016
11829
-88469
-14872
-57319
8772
40999
-54680
-48821
-35421
-88226
-93707
5796
-40581
-50971
17575
-27256
45351
10626
59511
21553
12400
83770
-21347
-19340
-40007
78822
51330
31806
88035
-89714
64412
52901
-79480
-29036
-29979
42802
-77643
-5390
1074
47121
27465
-5971
200
26814
73531
43569
-59525
36894
-93537
41415
-21956
-69795
-66607
19857
-29062
-59361
41493
-3822
83840
27794
38632
72010
50555
73229
18410
-82174
-76320
52814
49538
-11914
-135
-3661
-23997
97718
-52065
22819
27861
-88971
-56299
-92798
-64756
90121
74382
-35341
37464
-62199
76886
30676
5648
-18764
7312
-50218
95922
92794
55748
-88924
-71261
-93986
-62224
-1590
-55119
25449
93012
-19403
1340
29887
-79781
55051
-580
-20893
-19041
50600
79603
52173
74725
-33323
73851
23016
-66086
-70195
-34495
38064
47796
27298
47792
82262
1531
-55715
84637
59700
-23460
-66366
-74798
8365
49089
-99722
-63734
-10141
75677
-82789
-86969
-127
59333
23579
-81892
77186
-35067
-39876
78279
9298
20786
-77198
71110
-84844
1139
34889
84376
-75364
44322
40501
-39509
-70649
8930
50885
17570
46317
18831
58109
-405
-48847
-15520
-91578
-7362
-44135
-56588
-88161
-67711
70976
-37055
92054
-56315
66113
63628
48729
56675
98012
-65255
96032
-70804
-32779
-80419
11030
50819
36045
-12513
-56312
79264
-95953
-35800
60885
-24035
96417
41351
-42296
-37179
6644
49618
9122
78499
87689
-19557
-31486
90509
48335
65884
-56198
75830
62421
49090
63374
97442
-23086
-88149
31547
73975
-46233
-69606
42759
94047
-40855
75873
24344
-88133
-74024
-3812
91554
-72901
-23812
75148
-65737
99529
-49047
48402
84493
12071
-61393
-59102
-39286
49793
58599
55687
-82955
-59884
-65904
-41403
61306
-31758
14054
4707
59659
35483
99377
-60128
44060
32383
-27948
43529
-10041
93587
-17338
66454
13779
695
-83640
14341
-36466
-37820
-88656
-49089
-37841
66246
-15743
-18878
-41579
92683
-93870
25115
12336
63889
40558
79713
10998
-36179
19296
-64301
-91592
-55720
-82740
-83797
-81624
-2033
-50645
40770
-46985
63680
-6869
-92528
-3998
75402
86853
-49627
24378
32320
36484
60707
24140
92387
55907
34799
51960
-2800
72275
-82074
-25389
-49530
90346
-29803
-91149
57792
84285
-79899
-48128
46243
-38794
96692
-46510
-33769
-95158
86018
-85877
-29423
79206
22830
78687
42693
52372
48691
-13930
-43078
-71462
6546
-25833
-6235
-16228
51656
-48356
-10039
37187
31729
-53071
-87587
-7297
-89913
-73651
-97870
44605
39164
17211
-32124
-60487
-8136
17621
-49956
48222
-7200
-91173
85552
48479
26268
20745
-84418
-7773
98012
68489
-49353
43128
-6860
-44141
-74878
36793
58
52737
58947
-47690
33318
-6897
23157
-11685
33804
-96785
-52229
19253
15047
5342
4417
70980
-53771
-22271
-44779
47462
68129
-42759
1241
-75407
8861
-38349
-17906
-70542
40710
-67012
-29126
-92650
84023
-23004
60468
-15406
55042
-64130
20522
-45987
43128
89476
-21444
86611
-60549
16429
-82137
70354
-68176
90453
-25153
-3146
-20722
-37809
-36986
-35936
-11131
-66361
-90949
-57372
68156
8144
68302
5666
-23150
-73687
-78959
30102
91798
12335
1219
81415
-63394
56196
-56854
74270
-25230
-36308
15438
-24553
12874
-941
-3729
-13605
-94813
-48294
-28640
-62350
8518
80767
-80984
72747
-88603
-84022
-22909
-59608
-84925
1383
7670
24959
3313
-81623
-28817
-76041
-25611
60029
-17632
-81807
88265
75938
-35553
-33639
97251
-48079
-74627
-8354
31865
-51648
-92343
-15763
77685
-28595
20570
57745
78044
86425
-35460
51555
2271
-26849
-99054
-77564
37207
-7849
6622
-64076
55567
-48892
41142
15490
-56644
-85885
-83111
-15552
-18754
60147
62831
34805
-74049
5431
49137
-22003
97975
-74509
20647
-78690
84501
-69805
-99673
-27885
37994
-6908
-99322
-81592
-72238
-77515
10549
-54361
-80923
86450
-61550
56818
56112
-36460
76400
-16328
-37358
-72733
29198
-96361
44314
-81274
-91165
-54428
-25088
85405
-54981
-74584
-47652
5994
-51325
-67297
-75118
-62425
-60486
24663
25293
69649
61116
83358
6928
19406
-62863
75869
-97845
-64543
46326
-76960
-62926
93677
93680
61797
-71167
-87694
-68460
32366
-76612
-22611
-61141
84734
38188
-12028
-30828
53123
-90955
94513
82737
-96758
-44485
20362
-83501
-89318
-67870
-85892
-14085
-34179
40729
40429
81067
88430
-20001
51687
14467
-76667
-57129
-52207
13928
-83600
94141
86570
-20089
-94383
95228
90742
-99287
-38546
-51877
-88901
32519
2842
-94231
-45757
-5438
11265
37591
23405
-39662
45456
-95327
-28959
95067
-82328
-55975
56303
-21143
-25117
-47025
-40871
-26111
-25614
62591
-55817
15572
93150
4571
5121
-25099
28928
38695
-24389
25585
-17737
-70895
10049
-40813
73470
-95865
-81798
-46630
14856
-46251
-71908
-70156
-10669
76308
-49248
-87188
-52039
-51292
79523
8907
-92423
31318
-43563
33225
68676
-42882
-15919
96946
66589
-76450
76929
589
13555
-97388
-83305
-67829
11331
39453
87251
19214
-31012
-96670
66877
20438
-14276
-13889
32646
2107
82030
7266
94816
-61032
30114
-72824
-95421
-68922
-83621
-98741
-48969
-96522
-90395
48705
-32073
52136
43299
-19620
64853
16547
75349
-13199
49393
45827
-20385
23998
36804
-2656
91553
20685
66476
16609
-40561
17401
-13438
34981
-62005
36467
86442
29576
77888
-78807
10949
-50437
-40971
-92921
-25479
-8880
4146
-79173
59170
69681
-74522
60857
-71426
98216
-48694
-29461
-13396
-60470
-80864
-51319
-7155
92696
-240
-80519
54573
-21473
47480
8919
39548
11024
4587
23314
-43774
-45899
8391
38553
70080
35916
91193
44936
-23353
83058
-26656
92100
-77844
-42840
-37043
-39513
37868
24901
31880
-54899
28787
-757
-99760
46806
-20601
76269
-39287
-38909
33691
-13640
-17713
894
-26162
93771
-63568
-60402
-39417
42072
-81676
7352
-82782
-14852
-45259
-11273
79531
-53127
-13166
94537
-22737
-40829
40242
-31862
93050
-37231
31263
28687
10086
43677
-52474
35702
29780
-71017
-17348
27966
64339
70067
78314
-18398
11540
-33546
99561
-20288
-89933
-22620
-10856
16972
-58221
-43077
-76937
93283
-8653
6317
-43088
-88092
67385
-75593
36104
59927
7302
12207
19426
60995
-69968
98790
-74614
-25378
-85591
-38293
89297
-40527
-43277
-67382
-2913
-83440
77119
-96070
-67562
27626
38538
-37431
3008
73491
41997
-59298
-29479
-38264
-67146
46602
89803
-42497
33618
-65326
-37631
-61869
17341
-52873
57110
58525
-72802
-37322
38632
49380
28818
-70811
41310
60297
-65297
31938
-81946
53173
43965
-19112
-67864
-8872
25329
-52864
95154
-21311
-32020
-3861
16364
77833
-86487
15104
92400
-99654
-83899
67728
-61086
-56793
-94560
71994
77998
-73920
-45676
60895
-50427
98594
-10603
96297
62895
51222
30957
-68652
51498
-13877
-88467
11278
82477
-81942
-81217
6832
16951
-89326
-3502
21079
51833
55839
-29918
-93815
77028
-27738
-78950
-58093
22922
-92825
62893
-6500
49637
17405
-50853
-66819
7698
-38507
-81197
93631
26776
43617
-66732
-1540
-80408
58830
-15435
95037
-56314
98376
-85943
89832
-16460
34145
56591
-68412
36009
84913
-39782
-78419
-57261
-68513
32653
-4586
-54200
-41378
-65171
-27431
95769
68317
-69925
-99512
18714
-13766
13784
-60221
15990
-83912
-75178
24880
31755
-43589
-14384
-68706
10516
66421
-28442
-1369
-59281
-81483
-8700
-69091
-80177
-89164
96546
-28232
45911
88837
-95337
65265
85377
-14115
-62715
-45961
-60950
-87936
23928
-45171
85696
88583
-95359
-4614
34890
-63441
-73558
79691
-79650
13588
-45437
-11607
30372
-11552
15979
61193
-1411
-8426
97587
42339
53009
-91494
14416
70317
94011
42976
-31470
55856
29499
-20897
-10812
24675
69777
83593
-76141
7331
-35484
51354
-81951
8927
-19848
-73092
-80673
79339
19103
19533
-84590
-65330
-3110
-40783
-44659
48997
-34522
92550
-25945
-49755
-68902
-14337
-6339
52013
-81079
-62834
62725
2471
-38490
57388
4962
-74079
-27663
-80490
55046
-42231
3945
-73235
23925
76083
34417
-43604
49482
-46927
82570
-86006
99208
55857
20149
-94214
94173
-43525
-8720
-93046
47330
92913
-52929
33401
29223
92240
47664
30129
-53705
33029
39025
-16614
38093
39762
7080
-77844
-27737
84611
35824
-94640
94574
93222
86065
72327
-42913
-63222
75328
-24837
-32529
80100
9575
67049
-39049
-22223
-29339
52965
-80150
2116
-26618
-27653
-32293
27187
-32430
-42388
55415
-2481
85807
-62822
-98834
53317
-3879
43884
85908
55025
83397
20780
-86142
-17103
-54374
59334
42878
-70654
98153
-10224
-79878
-76816
-90889
-65062
-48302
-73980
68057
-63847
-9567
-98490
8551
78247
-90724
-65321
-49937
69044
14033
-4545
-72224
-39240
-24659
85789
82985
-39748
37028
-36532
-25758
92503
-69181
86774
-30828
-85158
36647
-94752
-33687
44348
-51196
60112
72398
92563
-41155
48946
38262
-74727
32656
-89154
-95558
28689
61548
-85485
14652
17486
-15931
94123
38555
-1036
10064
29823
1163
7791
-10389
-82985
53996
64739
-34160
2939
-42314
-25596
-50215
-83263
-30084
15897
-28669
77684
-10923
88620
-61764
-16143
77332
-69213
91218
71774
59527
-44156
55357
-46871
43298
323
-58892
19317
98120
73372
77995
24456
18196
-42986
7550
43715
-34773
-6398
-51723
2771
59026
-22830
-47154
-69375
14786
-33167
74192
-19016
32620
49773
85286
4060
65255
86697
3929
55675
20384
-5808
36251
96153
-838
52127
-34770
-19474
-29831
22679
-8151
90116
36499
32626
-93381
-8389
66756
-87514
49869
11065
-56250
3933
2509
71367
-69141
86564
-61762
96145
-31701
-20274
71430
22439
-32309
-16649
-91689
30031
40189
-10623
77421
83046
-87930
-99415
-86478
68310
97596
9635
-4291
84639
-73647
67566
14821
-39302
91493
-54875
90053
-37344
33584
-70367
-21881
77441
76675
-75853
54891
-60987
48496
-26209
-20079
-54983
-88598
35965
35551
85414
62002
55809
24229
-85455
-43305
-58249
-91640
95868
-97673
86648
-59572
92029
88072
41819
6775
28435
-56688
-90269
-95679
66992
-77478
-33615
-1431
88807
17221
-81116
54742
52160
-73740
86631
-43531
-94801
-48539
40465
68381
-98700
65794
-13792
-65824
-58494
-28133
-35054
-73252
-24215
-75555
-66437
-95184
45860
-85181
9316
48931
-1951
-20498
-32208
52181
44869
23328
-73781
18346
33730
6644
-15737
43825
-99923
61414
87532
-19613
37708
-12362
-46711
47305
96791
-59027
-30544
93948
6034
-61663
-82218
-48424
10935
48219
18942
-8221
13824
-66344
41574
-86762
-20665
52936
-94020
72065
-68004
-23776
23636
-13079
83662
-10852
-71739
54821
54717
60982
-65001
-60065
98936
-79778
-98582
20972
-32838
99903
-14030
-1187
-72380
-57023
94841
71170
83296
66158
40728
17762
60785
-12355
-90751
-61275
31433
-83962
15233
-28185
51006
-53453
-86362
65942
15327
-27818
61177
-82074
-36918
-77942
91856
23202
10302
-28969
51708
-42923
51522
75553
-49603
-93589
74581
87565
-84343
-35763
67125
-52089
84971
-28813
-38968
1929
-33649
-6686
69781
85979
73368
-87985
-40812
8044
98190
-76795
64327
-30904
63921
-1556
874
-13518
-50240
55458
-36216
71586
80538
74248
-30288
39037
87778
-29106
-81258
-80179
-96788
-21059
-25576
-12937
-45156
96713
-14479
40317
16017
-26769
-12421
21789
-9567
48430
12843
70419
-46703
-30251
-84362
65185
-32469
-53749
92027
-95293
-98366
-80986
-98295
96943
42875
-43775
-71222
-14156
23728
-60483
-66226
49682
-68778
81709
-26956
-78680
71011
88645
-31490
55111
91583
-79500
-23903
-86781
24256
-84233
-44821
6807
-67428
95019
81211
43349
87509
-23590
26014
9602
-58835
32265
-87206
51988
93974
56457
-36226
8808
-96211
-88032
-1031
-6804
79784
-95013
-40475
-1051
-32424
-29522
37324
-75324
-34405
40377
48316
22615
2497
23590
54079
92057
-73185
81463
-2837
-56448
-82386
-34055
-82044
-20137
-44314
24926
91116
45686
-11137
54769
-7054
-7267
70116
53881
95898
7304
99802
12129
-66238
82369
-83374
23826
-6106
7535
21706
92279
-13270
68704
35304
41218
-88566
-28097
-67567
20580
-45979
43709
-94626
-34809
69689
-63430
-33228
-35292
-38876
72472
84962
36135
57615
-71820
-80985
-43456
36458
95448
-7663
55304
80235
55086
-87877
30978
72524
13477
-70293
-32473
20093
-1137
-59323
-52382
-81242
41744
43252
-32247
-64594
14091
-60746
23542
52397
92476
-82209
-101
43803
-91754
-4138
-42476
-27372
-90723
66078
-1409
-85666
18315
24631
93898
-60093
-2988
-59323
-81452
35486
59742
90369
-75139
-17794
-91445
28852
44931
13044
65564
41945
25253
3806
-19966
79017
-63919
29999
-99878
-98811
-28777
-17723
-24652
-77136
-13997
-90929
-95860
95001
70746
38152
77449
-6667
14096
78090
16754
-55265
-84278
-99709
5115
-70161
-87334
53166
-30003
-21806
32723
-50592
79227
-87178
56877
42406
90868
-63321
75418
-39257
-73878
47536
75798
6245
-29328
-42302
962
-6284
-61096
29016
20304
77933
8420
86238
39635
30007
-16239
-20970
63339
6594
-55822
-13689
21437
-83392
13563
69580
-38543
-7799
-78108
-22485
49366
27839
-60408
11135
-18078
57324
26908
87324
-94845
-46371
-82880
13391
35331
57177
44030
-40214
-70443
33659
58189
15738
-77054
52389
-38972
-36590
58339
91180
-55818
13545
23666
83978
78294
6639
41848
-83881
-36825
-79604
21769
85785
78061
-84423
-7894
-15632
-10085
-97346
20227
12592
-62603
-14930
96196
-79983
-19006
78544
-84596
-65755
31720
-72920
-75604
70092
-39448
79894
37377
-96170
83096
21991
59400
-61511
-49997
-68555
-36359
94295
-56931
47700
9835
-25979
-31471
59881
-22830
59823
-69501
-61102
29737
-66780
82391
-54556
90318
-99884
57528
-76827
-67119
62258
75049
-14100
64497
-35631
-15480
11040
-85305
38472
90712
68466
77815
-99656
-82477
-86347
-82243
-80413
80288
61844
-26756
-89646
-15077
-248
90899
-16569
-8184
34878
-93730
68921
-61166
-49867
-53055
-9073
-14377
60924
-18268
-30929
-80842
-65713
90816
3019
-91695
72289
-56475
57240
-36025
-32164
-11264
87125
95033
91632
94945
29419
61186
-75549
-46478
-11758
-83987
-33467
-3861
71729
-95424
39495
-69419
-5354
-43833
-24749
61389
59141
58470
-40683
-45320
-60448
-77895
-30396
57178
31493
-85412
-41505
11082
25683
-39515
-26882
-12095
18000
38336
2359
-95575
58030
553
65868
55611
-82037
-83503
60667
-61719
4781
19936
-96572
69793
59444
7794
52438
96735
56293
69797
85000
28923
-71238
-53305
-2875
-52171
-14502
18663
70355
-81044
-85250
62650
-93777
-51222
-10022
28791
1224
71615
-53664
59484
63002
-43477
-57572
-18137
-53907
97881
-15543
-68357
-16282
-35853
-13192
-12979
-77794
-97983
-59277
73648
-45122
92520
-32613
75448
-22845
62221
23094
638
-67522
-26396
-12225
51811
79375
92528
43007
-83740
-53173
48201
34781
-76082
-86240
-72376
-5583
26977
-54442
49873
-6428
-39536
-24839
95282
47642
-40781
92692
41509
60006
31214
81182
-51133
34645
-30052
72515
77592
62998
54815
55192
31949
-54253
5307
46443
78878
31967
13122
-25511
41220
56296
10349
29896
-34775
85475
71605
86447
-68946
-14638
-3704
-72977
-95887
-59587
-59028
-56746
87181
49222
-37571
-55477
-71930
64350
85722
-59249
16669
26242
63972
47896
-21840
68666
-45083
5579
-31747
71233
-44683
-8922
98227
-15928
-37273
-86016
88340
-39363
-72355
-61983
-99355
-55295
63370
30506
-57631
6453
-54813
91957
-88318
89847
71186
91489
24278
-60361
14748
-32207
13300
16275
-51118
-23000
-86734
36619
8636
-4539
51958
-76368
3097
-79671
-18837
76293
-65474
48506
-48679
55170
-72733
-66910
-50840
-65637
-71205
50935
-42477
-72883
49690
80752
-25373
30574
20348
62149
95217
-31542
-53158
-31544
-28956
-347
-25733
52170
-34365
63702
-53383
-20025
59081
63629
-20707
2088
3504
31151
64313
1297
62325
96827
37676
-44524
32619
-63755
-92821
89805
-63327
-30392
31065
-72676
74292
-58175
64084
19883
-29908
55389
9538
99874
-42038
-2685
-76493
96085
-74408
-58181
26519
467
-92234
-57321
72672
31334
-41137
-93674
-10045
38695
-48333
45180
39118
-92070
39914
-1452
-11983
-27649
33254
60977
-51361
-51888
-42929
4778
32995
34456
51930
-58299
-64419
18037
-54872
-86186
-34102
78413
62981
71438
-73275
27992
24405
-73220
45761
-59636
-17592
83130
71212
28571
-26259
-48075
-75550
-4683
-18364
-2991
-87575
64709
-88877
-21732
12631
99511
-87603
-96240
88420
-5323
85552
90336
44970
2060
12575
9366
15523
-91028
-41333
26298
2007
-190
29327
-80746
-75424
88098
23299
72847
22666
-20321
-63563
57927
10162
-57622
63863
65899
-75857
90044
-65680
-59992
48754
-66668
5998
99568
34731
79305
-39921
63941
20829
-95568
38539
9222
67398
41970
81969
31668
52236
24517
-67989
-19216
4661
58097
-16594
10888
-36759
-43508
37635
-1604
53480
29816
21174
-90742
91498
74904
97554
89431
-62860
10944
-72087
94651
39758
1890
-61529
45449
86084
90869
-56361
-72196
32447
23850
61549
-2812
12856
68435
-81084
18409
-10591
73775
-36144
-22053
30038
91525
-52431
-21817
-25663
-54651
3703
-88578
-38809
27987
26322
-42253
99002
-3462
-58015
35743
-98582
-99270
-39671
-40857
-44490
-17841
83902
74674
55087
-12013
-71025
-55857
-76489
-23920
79962
40567
-81192
33232
74417
-88431
-46325
65272
75130
-51775
-62281
-39555
57094
62110
-73875
-32815
36310
-22695
-46915
-91382
11091
-70432
7718
-10228
83845
91666
-18726
82231
74604
-8736
74411
38886
44444
42199
-4541
27523
75099
10302
-88365
17940
60088
-55740
8675
82392
3724
-22949
-59717
71126
-84678
30554
57253
-33069
78282
-20365
-72783
87903
27445
-12299
1590
86635
-14811
46041
-95579
15338
87317
62152
-44908
-62898
29241
-48077
-2321
30890
20809
-53230
44313
5967
-7469
3798
-49330
9381
-8453
29132
80244
85146
-88728
-22070
76624
83131
58424
5820
92911
-38016
9026
60204
-57962
75780
54764
16958
-32887
25623
62987
46060
66158
20523
-56587
-49471
-40614
-13334
-37602
17192
-43719
9905
-85375
-38181
44965
-84468
-22889
-27124
87113
78715
69170
79525
-96797
20510
57699
-74964
27957
91141
-58347
59582
-84212
-33010
69060
-34044
82272
98566
-38985
-14409
-79861
-51361
-82179
-95739
-97387
-30485
68355
-50332
41990
76543
-75421
-98305
78666
95747
-24784
-79760
55449
90095
37590
-84877
23186
-16426
74098
14023
27533
-72376
-34838
88728
3797
-64086
-80908
-81604
-57396
24625
82129
-27886
-34026
68845
-47601
-57439
-2593
98495
-49968
-52635
-99185
30990
8079
-33605
32436
43101
47364
77643
96970
15915
-36061
-15798
-90724
99305
-44554
-7037
20349
29685
-99106
-28976
-58094
43787
52324
-22624
-92397
64591
-3772
-17978
68180
-54630
-16577
-35783
-86432
78409
-77234
9089
-87741
53179
68823
-97788
-90864
53756
43374
49423
-38567
-40651
-14705
78375
65726
-59012
-69976
82990
45225
96983
-93978
47312
96333
-90118
60805
-86965
-48840
66139
-78542
10789
-28482
-87021
-74433
-14521
-91275
87904
-73987
-48585
36157
-78110
-17522
-529
23612
1300
-17389
72713
38502
9077
-77584
9106
20379
-72988
-36659
-59433
-10858
2192
7697
87489
-97619
-78280
28912
-8009
23310
81847
-63115
-57070
-33050
-5697
83127
3707
-88796
34369
-77624
45438
55259
-70000
37341
-10212
-53888
48618
24665
-90597
29853
-35179
42939
-92786
-51453
44199
75226
17180
61698
67960
29794
91912
-26037
-86396
7409
-35238
42896
82982
63388
-43811
-94939
56378
42891
98933
-10733
21976
-79315
85634
93847
-20767
59482
18227
44298
82184
-8723
5358
60580
-89358
-85072
54734
-80055
4543
981
95429
91636
61738
-53474
-77891
-287
-98392
48742
-39492
-78975
98785
-90982
88160
65638
-72100
-71478
75544
-34331
34764
-62799
-34765
21088
28238
-20698
-50442
22960
84296
37919
99130
-94998
-42216
79493
-66657
-26007
90109
-52419
-20030
51011
67549
47009
38954
-90390
-95048
97322
85064
-71593
82435
-4956
23601
81587
79028
-91456
-19354
26563
-49412
25679
-44884
99916
-40131
-90454
-42887
-21828
-19828
52540
-24621
-57890
76007
-61404
30572
57927
-16115
46436
71956
-19528
-10023
76596
20545
-64210
-14329
88998
33159
-45190
6633
80190
13415
69554
70354
-11538
22930
58245
91452
-53160
-18786
-990
-15720
89892
89386
68080
88875
93110
-49250
10941
88804
-83104
-29516
-43710
82780
-13051
-66705
76941
-21872
82283
83582
-59575
-90952
-40916
-38339
-38531
34488
11539
42623
5040
-8256
26745
-54564
91373
51201
7535
-19321
-23185
-30727
-92157
91251
49684
-37957
39622
-51895
-18859
97321
-34377
-7390
-78675
-92890
-33179
-99261
-92727
18655
-57907
51585
63201
-11035
33484
46054
-18804
76982
57258
-7220
-12722
-21843
13652
67642
88955
11921
-55101
-31942
-80536
4165
49480
-83862
19402
-72250
-82430
48146
95867
42556
-38772
-65600
32069
-1641
1738
83469
33944
35835
13782
14570
-66551
51085
-88173
-86068
19180
32347
-6179
-854
-69836
92439
54648
94051
-37387
95528
-67997
33987
11772
61529
48701
44657
28389
37147
-26553
92991
85112
95421
-55262
-32833
-8325
-97465
-42574
-78952
99382
-25951
18316
3501
-92670
14218
65474
34932
-89165
92227
50377
-49009
84977
-71501
12713
-25553
22755
-82156
53925
-91026
69887
-17608
-69474
-71158
-71990
-10255
22315
-15341
-73221
-78414
84422
34602
-76062
13314
-23907
3939
-82013
50856
-80322
54848
-86989
77307
66529
-30987
-30876
-36367
61032
47642
-5435
-904
-76725
96862
-38925
-84340
82293
-35559
-40888
-59972
12819
-96482
-14484
21313
80
29150
99674
-3054
50646
-44621
8697
-26655
-20793
99193
74636
90120
41839
73264
-83319
8984
45823
7332
-51747
95204
6767
-92348
79225
89324
47501
37785
-88823
-81452
1197
-67317
68711
58020
-3471
64418
40204
-86964
99564
-7911
-67367
68765
-4367
-47468
55226
-64834
10846
52056
12093
82324
-52322
1599
-16483
-55288
83079
-68316
90366
6955
53695
-56792
-82410
11312
8032
-98724
-94330
62727
-73022
34157
-71939
91759
17947
-86628
94262
37047
-80322
38713
89677
2929
-10994
59428
-74772
-55940
-26770
-38366
-62238
-96868
82955
-16062
-65742
51897
78056
35209
-67894
16701
21270
-66425
34391
48952
-63602
-97850
8668
98907
98144
60448
-79053
12594
1370
92540
-87538
84036
-44540
-16463
79090
-37390
86670
-93211
50426
-98126
-46100
11415
38736
-1809
20147
-86309
-96561
-56029
85050
94871
22447
-49419
50273
57023
12938
-84239
-69269
-59370
-48606
37338
55067
14260
-11397
-53155
9052
28425
39341
-14893
65917
-4776
95580
-79058
83022
-61734
-39378
-49339
99879
7546
72376
-43671
-7646
53045
-85429
61659
38297
-11501
58917
-7631
10917
-38209
-84558
-92194
-62340
-6203
8508
41764
65808
24222
40529
86340
40907
31195
-99266
60667
-9464
-2191
-34269
-23370
-17380
18481
-14860
-21407
77194
-45181
-9827
78666
79092
-65337
-15103
81800
57679
-89650
-61676
-35938
-60311
-72490
67340
23673
42132
72348
59552
46239
43580
-14705
-34808
-2761
-20907
-88289
7487
-29225
-71735
29785
35718
804
99614
21529
38189
64664
26556
30641
-99995
4536
31775
26139
89911
-45216
-28942
33491
-4734
92516
3461
17205
33549
-58826
-12359
15268
40507
57418
3061
5825
-51697
26237
-14922
33276
52073
-35216
-25168
14852
-44424
9541
85948
20229
64477
-87548
67289
-98300
87337
-71653
74874
43602
-33526
22298
-98655
83666
1649
-17107
39282
54895
52
-71666
42327
21699
38526
70102
63032
-42266
26648
-58220
-36621
-23265
-8679
55135
-63199
80715
64547
-80700
43443
64498
-41037
15441
-15969
-25418
50093
-61170
15980
76664
32520
85077
-52568
21858
83157
-29418
60196
-6241
21820
80467
80183
69078
-10284
-35062
29934
-45885
42953
83115
-67266
68537
494
-55499
3404
-46843
-93657
-76948
40157
-27485
-43304
4277
45281
38105
10593
-69938
-70910
82428
18269
74324
52352
35186
31781
-63718
-31054
-710
-29507
60031
-39875
86896
-93183
49143
52281
87868
63307
-23528
46173
82594
11293
-30022
43452
-61207
-97596
-83525
6718
16231
-67104
45195
-86518
31915
3415
-54695
84492
-19219
25893
-21326
-41912
26648
40561
-1979
63841
78602
47625
-69427
43365
96003
63003
-68749
1695
-46367
91565
-50546
36585
-86592
-20212
8034
-96442
79987
-98428
-19150
-16300
17489
4414
4072
76499
-65349
-16305
-80293
-6797
34426
40123
-47179
-70971
-5149
-98070
29444
-38582
93569
16648
69820
59063
79419
27251
-65689
-22615
13182
-62008
-14148
535
-17088
1192
11568
-37207
-93365
-53723
-90719
-79659
61932
28637
33700
-91028
-51940
-38822
-33308
27563
-72082
-56343
-30563
-87013
15631
18969
-51829
85720
-80328
50077
-91000
59522
-27832
-39143
91243
-13693
46725
76109
38347
33820
26424
-20778
-48953
21786
6046
94465
94065
66206
4443
35411
-99347
84784
47525
-9351
67606
-55089
99747
38860
60612
-84969
67390
-23915
-36322
-49722
-65904
-86112
-10384
-62527
89361
-73459
-8978
-43663
26899
83013
-65054
-66267
-44665
-59205
84934
7759
97594
71555
22715
59799
-77460
54874
-38195
-49791
16320
-2340
-1713
-88706
-60297
-78805
27328
-88475
12338
-6463
43194
-15515
-69666
-90475
53164
60084
-36596
-1637
34468
-32991
28432
81980
7876
-24400
-46451
81526
39311
62300
-81009
6637
53448
41197
-40756
-98697
28500
50657
-76338
64707
-1189
56853
86963
88440
-97490
-1979
-25996
-27631
79382
-34271
25308
20491
17835
47936
-98523
91659
75218
-43305
75479
-74333
45748
81505
88164
-13671
-47115
79448
22062
90783
55192
-17334
-40622
-75465
-22217
78487
-27718
-68168
-30950
-20726
59285
75075
-85096
-15679
-38554
29314
6025
-58883
-40957
-65129
97697
41642
-95220
92178
-7944
67874
48016
83998
91319
91242
-82680
14968
35125
42432
-41213
62700
-9439
-95681
-84891
90883
-49414
-23144
45366
-79275
-62860
-78526
-28601
49173
53797
13819
-76307
76453
63804
17556
-85257
-2511
-8211
15474
2610
-16195
29607
78026
85962
3344
9108
32231
82004
-83604
4713
-19762
-30442
-74727
48564
73563
-6994
22938
1815
36594
39272
40299
67801
-797
-88520
-56686
42521
-95218
-37526
99201
36717
86551
69827
80967
-68503
-16859
58248
-4423
-33798
97301
96459
-67324
25892
28843
66410
-73256
-27330
-75138
52864
46196
-4675
42221
-16255
32140
45445
9182
-89437
59261
19251
75553
-32244
33917
-61874
33746
12890
72381
95873
56875
22632
-27061
72013
-75336
32195
1352
26490
-3295
97868
-38123
45120
-1416
85748
70295
-12028
-47947
-97404
-47782
-27466
-51302
-7762
99794
67205
-18437
-77128
-7917
43117
2791
-97632
43689
-66327
-36548
14160
1582
84356
67546
-51976
31742
-97591
-58704
4459
26895
-36465
-65281
-14028
-80136
-24036
13303
-51288
36447
-89180
61646
8834
95051
39849
27072
76582
66871
-69282
99594
5110
-70434
922
11981
-99594
86571
39152
-68976
96211
-11384
-24463
86502
38121
-58003
27772
58121
-91608
-29620
52724
-61683
-52229
-79232
62758
-60298
-75713
-55956
-59852
22437
41500
-40873
-1226
21445
-23747
-17030
93075
34989
87795
73524
68389
27615
58332
30882
-23433
-38640
-20396
22738
58739
69014
59742
97169
67798
85698
97064
-26690
62704
37861
84653
44628
-90589
36374
-21084
93128
41974
84422
39843
7684
-26322
85450
-41457
-79509
-92261
-10137
-89846
-60983
-9724
-60748
-96448
-50339
79182
92998
-5725
95369
-33420
2583
1154
20452
-58985
-91118
40987
-37639
-85490
79601
17233
91288
42065
-82200
-20649
62760
16696
35259
-48703
-41748
-82885
-76606
-35801
37412
22539
-82237
-41162
-78328
-82604
75540
-8263
7264
41316
98312
-28898
-60247
55063
-63596
21945
-57393
-64014
-25063
30397
34139
-46165
-83863
-92543
77627
-72631
72870
-1570
77279
9428
37106
92307
6604
7475
87256
-59539
11219
3600
87156
-86338
-69260
-65915
84602
-17543
-70479
35087
-35155
51514
-51132
-58304
42524
-93667
9577
-58659
-62061
-6890
-17544
1789
69634
99391
29670
-48965
83193
11455
5242
93963
24944
11483
98040
50867
15623
84899
-43530
-47490
56943
1775
54956
-53413
48041
-47999
34515
-73400
12248
90057
5975
-65206
23198
32122
-47037
87748
-88212
-10947
-18176
-44235
-15506
-57008
10831
16711
-93168
-85516
-89008
6683
-28899
-65139
-92694
37226
72740
-68225
14139
-63343
-24186
-16617
43106
84852
-46343
-12643
-42064
64734
-19448
8812
-63497
24994
62452
7623
-29207
27644
-8387
49140
99356
78587
55584
-24457
-66241
-57206
38224
-61793
10407
-85364
45351
-88494
-75892
80140
84056
-49668
67731
-47961
-45257
-21460
97377
46477
-12968
-3003
85090
17091
37031
-10202
67243
-72546
-37902
-75811
18517
-62784
54985
30130
55319
17215
77745
87617
80276
42578
118
-46105
27518
-40629
96214
-54579
33109
11146
41017
68482
45682
44127
-52608
71276
-10988
61702
3061
717
-48208
56676
59634
-28926
90505
-30603
51579
38585
11380
-28475
-74777
97933
76958
-24691
-38784
93670
25835
-15712
36767
-98857
-20692
-41796
58560
-83121
74234
-37659
-42810
-51579
59085
13571
23757
-16175
95810
64825
-40339
73412
55621
31493
-50608
42456
-64853
63207
68407
48866
73970
-84850
-3663
10127
-49249
-66661
-24931
93941
34850
50307
-54063
2309
50282
-66148
-95081
16539
10616
96621
-24106
67698
-3161
-8722
-82536
-79739
-96313
26658
-60874
-52995
95620
-1883
80034
44837
-42671
-78227
28974
-29666
-56
91907
32402
30744
-40929
-14160
-50080
75006
82041
2822
32171
-80753
-7149
23084
-1750
-66124
11017
-84185
-60551
-33384
86662
-54915
18570
-98578
-66296
-26970
81338
69161
-88661
79224
82344
340
-15840
-31252
42126
-41611
62276
88157
-4870
25354
3085
22353
94903
20638
-12647
-32265
-96805
35350
98887
-65485
-6714
-20035
-4368
-58588
-68558
-66918
-89481
58282
-23403
38420
-91110
-66121
-96994
-84328
-58990
-96114
-28041
-12807
-83125
-28230
17860
72466
-19918
96204
-23612
92269
-25299
73572
-9440
-67845
56241
68037
43906
-26923
-76030
4886
34218
93430
23210
-34603
34214
-76765
78069
16958
18402
-49993
-78726
-55389
56825
59672
26040
-89444
-58364
-59958
-15022
41574
-40792
-59066
-31432
79115
25493
84800
9217
9160
33789
-79186
-26538
52430
54997
38582
96844
67528
78533
-45670
43902
75141
-20120
-30002
87806
-30192
22087
-84101
-9317
-20459
-27491
-18669
15377
-45043
94175
24634
-97081
38095
21622
23904
90052
57425
-91297
-72582
-24711
-38763
90745
2942
50916
-95142
78886
8752
24563
35501
-86314
-21256
-72876
-75058
-81305
-63206
5613
72358
-86248
-7180
-5928
58070
-264
-59134
-80527
77355
-39927
-98620
-17274
-55654
69424
84288
-32561
79448
69326
2510
-1257
8675
34133
6371
75304
-64396
-79571
24632
27961
-65304
-8239
99673
-17432
-13687
-50524
72136
-1931
-90494
-32266
-1754
14370
-90372
-20703
-23379
-5098
-18332
220
3383
91792
90158
-33366
-34442
98712
-15702
-7129
73623
5550
-58019
78299
91148
-82232
68824
-83191
-42365
38614
8228
86869
-97474
39838
-88402
89381
-10086
79265
17931
11443
-3958
49823
-68716
-60211
98787
15354
-39203
-18211
-82306
9547
-34372
26791
6914
79422
12033
-31148
-51365
29858
41692
-85982
-35517
68749
-18006
94136
28247
59065
-21491
44424
1224
-19889
-34016
39738
33539
-70810
-70916
2037
-67696
39616
59805
89201
69203
-57717
-60540
23651
-52500
45702
26685
-97927
-95663
-34459
83211
11767
54225
71306
-34875
-60188
-22027
-86063
9021
70245
93310
78402
52329
-15961
-43677
94508
47680
-39548
52859
-49110
-82990
38347
-38919
-37615
82091
-54303
4377
71764
-84211
-11755
28583
-52849
-9930
-37473
78481
-93115
-79956
70941
-97361
13149
49332
20143
68152
91316
53427
47459
-58131
-14744
16380
-20711
-34696
98024
-58840
-14638
46275
-84934
36198
-52075
72793
8379
23314
99546
86200
-43558
-59767
-78449
-48178
-89637
-20462
-8963
42792
22943
40192
17539
27877
-32901
-77850
21799
-16402
35685
43213
-72319
-9328
-10657
97831
-73770
-34197
50063
-72991
-16727
-80895
-1628
18791
-10341
-52468
63855
-14405
66497
-7095
70202
-90890
-31730
-82461
88267
1944
-91975
24701
65988
53698
-70459
86173
-80770
62881
-7236
-44315
50527
-56513
-42935
-61781
97916
13911
-94600
39036
-87804
-17095
-62596
-55158
-11094
-26354
-96426
71562
25461
59221
25625
-6577
82259
-11430
67380
11334
-15152
-89850
-14319
89213
-78205
21866
-6924
-3498
-99435
-75639
36521
-68492
53811
-76229
-32563
-92111
54319
-59511
42357
-78888
-6891
60809
-18769
96741
20717
81267
99953
88795
9
4595
44512
29334
60873
-79091
-99242
-66907
40354
15583
-68011
-71454
27105
-90130
-93697
-58316
-8585
83324
77073
-44556
99222
-13038
-53981
42050
64865
-55743
-54833
66472
70211
63850
-36269
-45450
9549
61
86318
-95105
-99708
45472
-99396
34722
70270
43178
66438
-87833
-75784
78222
-30232
-97504
-28743
-81261
25437
77395
-55315
-1570
-56483
84987
-99853
83957
-25609
77655
65053
-12411
-82486
-59339
42590
64197
-2550
-25552
-47531
11777
99367
-20990
91751
-49150
67922
77305
6088
39815
93370
-33457
96085
-50670
-69764
34842
79911
-31811
-81506
-91303
-64412
42979
7516
89122
-35827
2005
63696
91399
71094
-43913
-39242
-95203
-29442
-64837
95665
-4061
-90104
15295
68367
-98971
3489
11913
81320
-17615
-86393
1404
-33976
12089
91872
-94372
67508
95328
64745
86628
75383
61620
-31269
-62188
29824
-7609
41176
-90661
-11797
26143
-65671
-17501
-3272
-92698
37014
-36041
-12294
-45531
-27597
10899
-60692
-42289
67436
32694
-44490
36692
-29871
-49235
-80330
81861
-69995
-27397
-68754
14166
-31130
-86695
-58489
-603
50776
51165
60860
57063
-21900
-48469
5063
-98361
89102
-45888
-78880
-29391
91528
87079
-43524
64338
81275
49170
48513
1205
95381
-79542
38502
59176
-88409
15471
48970
99310
-39329
-88432
-92991
-34993
-46269
8334
-35941
-63934
14714
-44495
-76899
441
71744
99622
-47958
-79274
-92759
86273
86958
36794
-44799
92636
-4429
93590
51124
-23530
86505
47882
27823
-91338
-86423
-41383
93199
-74056
40103
-68421
-13841
-6575
12274
-65574
72047
7915
94350
52642
52860
-71166
-44306
-81404
-25205
76227
10801
47956
-16089
-37541
89943
52870
-3802
36974
-91875
-5761
23981
-27947
64354
-63053
28347
32185
15891
-90558
-5663
56381
-18087
23568
16806
-70531
-80949
-19113
-15372
-35645
-79340
-39571
-32182
-91572
3926
30593
-63893
-752
62626
3965
14081
-51112
-88045
-78395
-58399
-99596
-81967
-3833
-32326
-98109
21257
-87745
-40745
-93955
94473
-56717
77461
-13879
-53609
76624
43212
-87027
52068
92782
7620
9787
58772
89595
-86192
-49608
49489
-68035
86963
71366
84193
69462
25584
68080
67980
-71290
33713
24657
14857
55446
-20043
30070
62810
-85834
59157
82986
17459
-59588
46555
-39582
95123
73069
-36900
-44457
36944
-20277
-69582
49359
-61523
-21668
-96692
-88130
-47554
-80176
-55210
31690
-87417
-7488
-56605
-80093
81259
32747
-54049
-52560
20152
-33212
4450
-12016
-89181
-44432
-48543
-1071
-3470
54187
30653
4470
-31778
-31071
81701
6041
-76639
-17924
90445
21547
-23463
78215
-8301
-8903
56835
-67358
-13865
50585
95411
-949
81456
17934
17167
51958
-51497
-66081
-6448
69548
77434
-95831
22670
55688
-94092
-16942
99390
-79484
-29913
71572
-51378
52203
-97470
83462
2523
-37854
-43726
27250
-93831
92769
-11658
-43591
70639
41585
-30683
50680
46046
-94395
60404
48437
-98293
-65550
-6702
-8034
-38471
-34694
33273
25222
-462
-61367
4679
-51235
27355
39993
35137
66489
-45770
38241
-74034
-71376
16554
-48304
56269
-33159
-59041
-51795
-93217
49266
-35668
56286
68238
-71708
-27796
-79458
98898
55249
59445
-75433
85771
5712
98123
34339
73852
-69513
38869
-73925
40782
4968
-30421
40618
-78054
-65008
-67933
39242
79424
51824
-75533
-10312
-39009
75145
-86946
45134
-13208
32055
8288
70776
6342
61215
8427
-84723
-86707
17019
-97110
30847
46885
-18054
-53905
85596
73006
-47343
-87440
-50509
13136
86608
22331
63840
45434
-25154
45856
5025
-66251
39437
93167
18122
56683
73118
-14557
44129
69287
30202
99216
54282
45776
-99468
-33200
64494
-50289
81853
37139
1835
89985
36612
-79508
14765
-29354
-95770
-93842
-75745
-13776
43204
2257
-40101
11642
-38365
-99063
-21399
23999
-6396
-69692
-31895
-40919
28835
11063
-87165
99495
96329
-86096
85132
-22565
-98843
-77445
-8707
16793
18886
-37076
95334
9042
55181
87134
-46255
43474
-96931
74284
-74393
66428
18290
80953
-98442
-55465
-88233
-73753
-30867
2204
-50822
96085
28190
39308
-52073
-56044
-62412
16584
40508
-23361
699
27514
20904
-18042
60775
96237
-29748
66354
-14932
27756
-927
-99606
-26673
74522
-80406
43795
15986
37812
-57310
-60145
-77529
-47379
86571
-86723
-42925
38418
-23278
-50602
-79419
99756
458
-72387
-55364
18976
26596
11180
51319
88669
72268
51516
-41440
-96882
-53183
9684
-63828
-69127
-26434
53713
70167
79240
24409
90969
-18666
-54857
27679
-88597
67017
91126
69667
-29985
-33297
67034
2056
-19742
-73311
-9797
31348
-44758
-58582
-5538
-88801
-30579
-39663
99328
-55483
-56873
84059
-30832
34650
-8499
97381
22807
-20340
12327
-90675
69822
48865
-17145
9875
-4343
-63544
21815
2582
25444
31788
15185
73035
90520
-92958
57325
-53169
-39639
44394
-57389
-37645
12392
53463
-47879
-47871
55916
44637
39512
31127
-46508
-82158
-93708
-41694
-59369
1642
-99032
5017
-10298
26330
-60799
-30210
95088
45632
-73315
-69584
11984
6139
-45703
12001
-96688
-55138
-24704
61355
55211
426
82423
-73308
38930
89836
-75162
72897
-90643
94516
-48145
81861
27417
66749
99315
7074
-18676
15782
-76095
47258
-26950
-22357
10195
58296
-44943
-44905
98871
-25868
98192
-78311
72735
78157
3724
-28713
-98599
13522
69169
31638
-40901
-41031
-39869
73341
-17115
-37213
34917
-52778
-91356
-96649
20398
-89867
20596
-7798
-35845
28719
56857
33876
43668
-6637
-89970
98569
98272
22548
57024
-52607
81756
99020
80544
-11512
78245
40721
-29137
91394
2992
74047
62695
-70564
12661
-51376
-24900
-49560
66417
48329
97578
-35300
-39637
24135
85568
21933
-48318
14119
31251
7332
52006
26627
61048
91229
7286
-51661
82324
77882
-75004
-86273
-20466
14864
7239
-29938
-47075
-23981
-12747
88726
-57788
-72837
56076
-12930
6104
25257
69274
-45416
-27118
49144
-4353
-51018
-46827
-83813
71337
93047
36915
51497
-16616
89057
10765
89444
56281
-98797
-91948
49498
-56923
-99675
-9846
-67378
-76614
-98522
74451
21892
-90
84516
-45933
-33539
83664
-34405
95083
8424
14808
-92108
40929
-53867
26373
38797
-4603
-46768
-44202
94546
14542
-75474
27831
-44629
35503
-82967
-22382
65180
-58634
-11545
-25831
-74927
-30750
-87313
76911
72174
-34675
80186
-59971
11416
-10382
-8647
-58274
-18408
-12225
-76715
10246
57263
13806
97885
-84848
-96370
-46387
-81703
-98296
-71668
-80088
-6324
-91636
-76384
22124
-99769
-39940
-26299
-6197
28832
-11758
98259
-97018
-79256
2615
37137
90376
-19117
-82345
-58764
-58324
-26407
-97962
7620
70368
-22076
51242
51666
35866
-78279
90558
69146
-28212
-38453
-45807
-75347
-54512
32218
-25353
47899
53039
-62099
-63115
-23011
-87169
71577
-56651
-42006
92469
-56870
96424
-26220
84177
-24825
76866
52543
-97947
73380
74562
-28957
-84876
-19181
58979
71145
-75023
-33478
92128
-44430
62706
2065
-79964
-12036
-99978
-81401
38245
-21560
-65001
37938
-58453
-76629
91833
-74522
-66387
-4125
-48776
-81539
-36757
62822
6808
-93835
99926
19549
73205
9368
39881
5188
41109
-33782
-49169
27559
62578
52288
25448
23279
78649
81934
55443
-87186
807
-26587
88029
-66506
65517
1469
-93770
-78135
44097
-60394
14275
76489
51670
61472
-20891
-61317
49181
39865
48091
-35834
60781
6207
-3619
-55183
60809
-77397
-2085
16975
28466
21708
-7153
-34740
-52762
-82267
-937
1337
32370
-1488
12704
-92334
-54852
22964
-11272
-79020
94433
-75628
-80820
79077
2700
-50735
-56185
5807
-88414
-11827
19238
66070
-20512
-49300
87058
40310
76979
66582
60165
-17131
-25009
-51824
-41801
-41097
-20992
67094
67295
6740
-14814
94154
-326
34556
-43958
-80071
12177
15568
-55480
-26365
-17082
-81428
56651
-59549
-57162
-20607
42288
5629
80072
-12123
24099
-42697
19016
-48761
82588
9696
-82295
-82979
26042
45381
-7241
-15139
15178
-900
-97986
76061
39009
-76178
89167
73941
-74932
31712
59526
20994
-71014
51128
-34374
43791
21402
61949
99847
-95530
-59625
-80101
-71961
-28271
51844
-27573
65919
-56723
68719
-23093
-82170
-91253
77784
-33826
4611
61772
-56386
76849
58061
-90478
-50257
46706
-52058
-64860
-58502
-56858
-83930
47
-98895
-71073
12624
-63992
-16485
65799
-76170
76564
-8419
-16028
6805
-14538
33863
18189
-19312
-10734
-80592
-71709
-16911
-40251
21646
94633
-73625
61507
-35674
59810
-48018
57979
-21630
-59640
-67185
-34004
-95489
13768
-29427
23382
-93043
-29910
-7633
36430
-6823
57185
51850
-78954
59798
-2886
-30218
94566
27692
-63741
-36099
-54526
-27815
26921
-33178
5498
-48013
-37999
74168
74953
-77288
95089
-32870
83792
17537
-21789
68471
2231
26030
-33929
5900
-56719
41756
59726
-31852
-47614
72712
21213
23364
12788
24359
82235
34889
-74166
72868
13767
22494
21522
69601
-61913
59594
-34343
43180
64141
-65633
-90026
29438
-18259
-33241
-59689
-93540
-1256
-68454
16812
-25121
13262
76299
-71897
-49611
26324
14774
-590
-68085
-2820
57544
31348
-29064
13061
8741
36176
90070
12868
37968
70176
47660
-73867
-71926
13301
36518
-43034
-95300
1714
-52197
-31866
16842
-13976
52760
64465
41217
41693
55330
99256
68910
18511
-22251
-71213
-76796
-1098
95476
-14594
-32804
5113
96118
66726
-90236
-5871
-42655
-19872
-52497
51073
96518
56274
98886
-13998
82161
35794
-17248
-98478
54596
-82901
-50118
-6513
-30113
60138
24796
24617
-57798
-37082
33317
70437
-11390
12830
98681
-43082
-86339
81652
43099
-98621
-68141
38931
-87661
-85819
-79669
45911
-96356
-29552
-39679
78497
-90035
27498
80594
79050
26771
25110
77906
89514
-65524
-78662
99341
11489
38163
4657
54173
-72085
-50148
-5159
-37536
96259
16157
32527
80101
446
-37865
23871
66326
38142
46274
4172
-50986
28098
62806
96281
-60578
20077
-71087
-57103
-25816
78342
-9880
-17660
-6639
-92036
93339
74258
10984
-86833
-77011
-51319
-15192
-38443
70135
21931
88253
32454
-60143
43188
85835
14905
18244
85355
41437
96973
-91214
1980
65379
12331
-72795
31774
61056
-67596
-62391
2113
47883
-24085
-17434
94192
-4113
-15040
-24142
76165
-56414
51826
11940
-83802
30237
-20556
-18315
-55829
-18603
-25479
60181
-28076
32869
92583
-98881
484
-21752
-81343
-99337
77320
-41667
60548
-64815
13717
10076
49648
-7972
-64682
17878
75942
73090
-55764
-9703
21645
12470
-94603
68092
-52418
57255
13817
50518
20369
60099
36356
99404
48907
-99062
42135
-7000
66882
28712
-95148
22660
-75632
-15660
46068
-55711
2373
-71508
78829
-72127
-2681
91217
-37436
23934
-30623
-93184
-97968
1533
-58253
-25439
41085
-22748
-3282
45088
-22601
-7932
-44878
-37260
3196
90336
70308
36898
56223
74057
87353
-40648
32590
-74719
-27477
12346
-72560
-93710
9428
-52140
-65853
-54043
-8037
-47576
8886
10441
-17547
74332
-892
-27471
71400
20818
-77052
-19694
-29896
52803
93948
8100
-60451
-39495
1730
-35999
-19599
81160
-14996
20802
73678
-49480
-45857
-69890
17753
48852
81622
-69866
42622
47531
94301
-50631
85012
-3589
60985
8156
78540
18378
80866
-21710
52395
-78136
97897
19622
39718
17591
14543
-81012
-7798
-96701
-14494
-91257
80714
-87661
69794
-25183
-90229
-70995
67957
89685
-71054
25227
25311
46700
97450
8037
-15685
-40721
-67991
-15684
-30773
19497
34403
-6064
-90688
-20122
-25184
-60648
-35832
-54462
65197
-76993
63644
-97348
-60167
-46621
-47273
-28202
53895
-95805
-3139
-19307
91571
-92767
-23495
-17479
-75103
-5536
60084
53543
39863
26933
33171
-5517
29462
81207
8756
32401
-80216
85185
-44174
19896
30594
-8542
-10019
59002
-32822
12502
-26180
79814
23033
-65383
-33125
-70627
1546
-12509
14334
29861
-42985
-99231
99975
70948
97209
51426
-89671
-55919
59478
-43007
-87767
77385
-81401
38464
5780
55377
-52729
-94909
92811
31528
-19743
-1455
-33683
44363
28485
-8123
-26795
4016
42440
69025
-70875
44674
9829
97710
69388
-25472
6362
78221
82775
63916
-8721
-48571
-72875
-97482
77618
36988
-58503
32768
1225
36180
-86924
28476
71939
71147
-89163
16970
74438
-84864
-57006
7026
-31726
81341
-54869
88806
-87586
-34421
3038
-57019
-75594
22881
-61602
-70330
-4526
7952
22778
-47012
-16737
86377
9637
10740
67507
-66665
-32739
-76356
-84276
54885
86664
52690
-71734
96465
-16353
94442
94239
-3733
-84118
58152
-15560
-60803
-16016
84692
-12189
96772
28155
83735
-71700
88655
-82597
-6172
74961
95484
-40772
74738
21819
-9271
-88687
-35090
66319
-25192
96598
-14163
5921
-58189
51319
56982
89152
77506
70793
-77682
-93985
97775
-28780
-37832
87651
-16221
-41682
-11261
-22657
-92009
-27716
-83300
56992
-32406
-63965
-68105
98059
-75937
-4083
2352
7772
-48601
-11244
61195
-69543
19261
38352
-27404
-10952
-65027
-10674
-31465
-15613
-38398
74600
35864
-97935
-96715
-95009
-99278
-85563
53072
3401
18010
35094
-68931
-5389
16701
35225
92828
25629
-67418
17579
-67625
-70987
91355
-7596
78359
30677
9895
-9857
86332
47320
-5502
99441
-6712
-95821
72009
-62615
14462
82142
-11462
43505
19226
96993
-8491
74271
58447
76676
-96347
-88041
29228
27067
65785
-57624
-83484
37489
56838
61712
77772
50897
96150
-28050
-60831
79716
48658
-95574
-81212
13831
-20949
-43433
72402
68031
-21684
-66940
59252
-24037
54326
30556
-60247
-33243
76901
40381
79825
46995
-2740
-48302
-63207
14258
58199
-88322
-99015
-49981
79727
-14187
52816
-25628
-67284
-56902
-74303
55617
-67179
-30059
-24271
-11200
65159
-14963
-21233
-60780
-44144
-3948
41831
2776
-50435
-40755
13806
-6436
-52799
-91577
-84462
-12316
94290
55904
40961
62123
-62374
-40420
-13033
75625
3217
81891
-1907
59575
3590
-19083
75751
-31483
-28868
52296
77157
-45065
-45309
-13911
51939
36649
89094
-60063
37291
60306
-74420
-41311
-77213
-63988
-58574
-5224
-25601
11178
-38476
28157
51084
81348
43901
77723
-80657
-78835
-70995
42859
-47515
-79492
-65792
55557
-4092
-7682
93430
-2535
-13250
-73942
-19516
24256
-19388
-94311
43116
-29838
-78638
-35433
90896
-97421
-7485
-13998
-47015
97232
-64574
-16921
48505
76940
67607
-92849
45909
-56844
95970
-41028
87776
47201
-48625
-78060
-39885
-46320
43544
-99659
79985
-96989
76069
39197
2868
-10045
45644
-9916
-76382
-89476
-83970
-97241
76640
-13616
69139
180
51055
-92175
70323
-138
89998
50204
-67311
77004
-70110
-78272
94896
57795
87187
83879
67530
-53966
-21899
-58850
52500
-60726
49402
95620
-5069
87227
-31278
-37363
-46195
32332
83057
66043
21313
94689
57084
22402
58566
17856
25009
-17918
26846
76477
-49653
7028
-90516
-92644
-70370
64562
83391
-34505
5023
44298
-36915
42347
7395
-30831
46213
-54001
31644
-80022
73532
-79303
-6224
11625
-96663
-98384
-95016
53361
-18624
14793
36845
-5596
4138
-27463
-70106
55106
-19839
-2430
70882
8079
-6715
80721
42130
79368
29458
-85818
11175
98525
49818
36664
20938
-49123
97570
99333
-99804
-81915
22285
6564
33409
-26508
-44534
98722
-16178
81207
99241
60479
-74917
58513
28001
43821
79716
-50259
-70265
32239
-6534
-70935
24992
89731
-43070
-79193
87013
89924
51695
-10680
86276
39090
-90446
-92603
-37696
78377
-96028
-67462
6621
61686
-88608
57348
9913
-78161
37053
-59500
-72250
-42018
35518
42167
10131
-70915
-12915
54250
927
-52604
-54310
-53720
28545
81318
64537
-24042
32556
44185
-9183
-87982
-53977
98075
-18204
-61914
37895
45173
23156
-36277
-5310
-96004
-50734
-97651
809
-51676
-96532
29125
34414
-31589
-24062
1571
-60409
-17466
36841
-90110
-80272
19452
-90100
-13954
-14026
-33974
27155
-7425
24119
13640
-8843
49774
-2767
-33510
-13735
43819
-56011
68870
98153
-77310
23178
96700
89538
53724
22382
29962
78236
-8326
44049
98261
52485
-95343
-95890
-7925
97945
-86719
-69915
8622
66994
24575
-2772
-67700
97614
-19174
83412
-94963
44212
-51407
39507
53467
-37233
-76133
-86915
49283
-26303
-19469
78376
-56841
19788
-36745
-1439
-31246
56586
-13473
45893
-63828
69201
73009
68191
-54245
-14945
53972
-52367
10977
72318
10488
-47769
89041
-27401
57247
-89141
82708
41035
84471
65481
-30037
48795
70317
48495
-24205
-62667
42198
-75916
-75642
-71466
-66618
79410
18212
-36963
11814
-90425
-78220
-78538
-48071
-90037
61138
35616
48829
97107
73622
89415
14569
-3813
27962
55117
-87482
71611
-87803
-84294
77209
-62987
-70328
78899
18970
-16221
-67624
-27485
-23802
14723
94478
5338
45803
-46036
65918
7214
43096
-35633
-15194
-59333
-35513
23623
-55446
-84469
-17603
-86787
86497
-42599
-45450
61793
8009
31479
53757
61663
17833
-80807
79585
-27934
37045
42086
-80426
-2935
-70314
72137
72599
-87987
-37688
36329
-21360
-49658
89553
-75148
-84499
28006
-93149
-61530
83147
-46820
-22940
-98480
44003
37957
60511
-99290
59856
21317
-96388
62511
96622
-28410
-60988
23705
45779
-7692
42142
23351
-65826
56672
-47319
14219
87420
-40834
-61231
-98561
-8307
-54452
31608
60682
-53213
62159
-66616
-29071
93213
40544
66369
77149
40910
-21537
48388
83471
-43104
2498
53765
34489
-42877
-52823
42419
19617
36581
-14735
18390
-73098
-85205
-35821
-8906
-95767
2308
-7628
89533
6312
-24444
-47419
93193
-83690
69891
33595
-60850
-94391
-46120
-69892
-82463
-78827
-9565
-4496
-85829
15662
4611
39607
64646
2860
-37010
-99489
-50996
52910
-94573
-5857
29203
72776
-68002
38543
70685
-64817
-78652
-81221
68810
13591
-57411
-88708
-15486
3167
94885
80983
-99355
-9299
-14480
-71595
94368
58366
-79010
-29370
41271
-22407
21073
58327
2379
-40743
-74191
-29304
61804
-12877
63093
3649
60107
-79075
-91021
5173
-69993
-76118
71209
-74018
20128
-15
-28226
30776
-74202
3572
-84596
-28643
31692
51849
-44223
-68998
-5768
-61427
-41151
95269
-24780
-54445
-96641
14503
-52758
14827
-69107
-35759
-485
-3867
38548
-50477
30375
13305
-55423
-41768
10008
-82038
-89319
62883
13433
-78887
-69942
-11464
-52708
33577
-83153
29621
-56555
3150
55665
44444
85022
-94608
-67851
6636
97729
22756
73574
-10169
42069
14576
26925
-40963
554
-96222
89688
-25570
-37121
-60231
49558
-21252
45307
51553
-73330
-90218
12107
-85268
93668
-36980
-62026
-16346
95285
-18131
53999
-86517
95386
14564
5563
36768
-52473
34935
-42978
202
28110
-92430
35706
44821
-64611
-19048
-56502
-78748
-98742
-12697
-75490
28473
-93504
95769
85603
3523
91479
-11415
-47656
70645
-96297
-274
21769
53122
56219
-96956
-45347
69326
71923
25110
-11800
16885
-84416
80786
-22631
-2056
-19297
-26086
-53858
57846
73438
-22504
20430
-30092
34456
570
-52490
83405
-3961
-16388
864
-32646
73324
32087
-74185
-61668
25340
-93115
-74409
21737
98525
-77509
-67490
60599
37160
-27071
25050
-27301
42764
11985
-82109
-89775
31502
-71759
93885
-39121
6103
-69989
-72293
-30062
-37167
-19960
-75287
-66355
75474
71809
15326
-69964
54154
-22815
85975
-17544
-76279
49344
-2660
23912
92068
60738
-80270
-74367
56201
90782
96821
-47940
-75661
50022
-84585
84535
92185
6057
-44619
56241
-63080
58039
-69299
-63175
-37371
9977
21526
-99844
23532
27010
93952
75111
-59992
69580
20667
-49929
10900
-29784
53010
-75661
30482
-39222
-66626
70777
83332
-94828
-34576
70796
4730
47871
16195
-30068
-73208
-48493
-39583
-14658
55273
32155
69318
-45649
18647
59025
-61511
-28422
57501
-78122
25256
-62694
-49470
-81582
-16482
95802
72086
42666
-4201
65504
-41071
-4297
10118
22107
-10852
-40579
-69419
-23944
27358
18530
88483
-51825
32438
12230
61773
41356
-4162
-68935
-79224
-20766
-12465
56264
-14647
-81798
32615
-41579
85260
-41437
6746
-20433
-67593
21904
-24962
32834
-46515
-68193
41190
77020
-73426
-18310
-51348
-74724
-9823
52381
74705
78041
-41055
68918
29062
80260
2365
-95336
-17246
-87547
92885
28241
58594
82775
94511
-92593
94316
54115
86097
-81080
11318
13584
-17745
-16752
-91120
90331
-31030
6817
7166
-64705
48038
24224
-41382
-95019
-60793
23162
-93823
30687
17586
68293
-78851
-39641
2198
39361
93737
97785
-93913
50790
-553
-81641
55557
74733
36914
-61144
69193
-87805
82534
-76751
-1813
-54482
-73353
17535
-82893
91974
-11442
6773
15310
-78963
-35582
67400
75304
71398
-70083
60580
-40103
-79182
76772
64482
57059
48358
74904
-10723
58735
84689
-78321
-10326
15396
13612
-38664
-70356
54713
93906
986
50484
43329
6949
-30310
44038
-38421
31115
74362
-43250
-99914
23236
52311
33517
-8946
32555
32732
-48986
-88667
-37710
-90604
-71067
-49692
6989
18597
51514
81407
-68568
35775
89164
84124
-53867
22173
-19085
42651
14366
22113
-83503
18423
-44236
5520
36496
-46237
33016
-28755
20174
38209
74299
59632
-22772
5982
-25528
65771
-69932
75110
78442
46023
14423
10907
-56844
68671
97968
-32588
-33538
56112
-77249
76636
-68377
-56530
43639
-48938
58480
78132
-55080
-16146
-59298
-32334
65165
-15555
-77374
50505
27442
-94576
-39034
82
-53835
-89913
56020
93198
55159
8631
-81143
-41427
-67444
-30028
-85708
-66084
42353
-90185
-60930
-63833
-13480
81489
84180
38873
51611
41999
99460
2077
53021
-93409
-68583
-84326
13336
60366
36600
3100
82339
-41414
12633
44472
2157
91362
-83696
62398
25344
58116
23295
-47105
21354
-42583
-27940
-55883
-62219
57359
-62493
-43961
30727
-15169
-39729
-81934
-2060
95866
-42778
23785
68693
-80137
-75431
-77030
13826
-36548
-7810
-90650
-77302
-31593
34017
92916
-27237
-48943
-40660
-61346
51284
-3425
-85873
-5244
-81471
-5566
59194
-93700
88836
-50166
92111
41659
31716
603
-67125
-98148
55530
-33970
-63988
-6973
71786
-65270
21111
-31138
67658
-98004
-23992
-76761
-17439
62847
81475
-66912
-89918
11745
4307
-90444
95583
51827
-3966
-12473
50867
-88741
-49072
57172
-49464
-62840
-9031
-21035
-69684
-878
-59646
5105
-45081
-69757
-20921
72319
-41999
-98216
49865
-31345
32884
1226
59075
-78110
4591
-98207
28580
-14626
63555
21209
-6888
32157
47638
-26857
-96965
-78685
19660
-31577
72346
74266
-24264
-41236
6003
-84424
4096
22674
-32027
30993
-60251
-82669
15648
55065
24458
55227
82748
-82698
27538
55991
-55466
73533
6690
-95966
-65639
-83828
-48330
-4898
-36094
13923
88518
-91817
-32531
52221
-16584
24846
14657
84438
-49564
-56721
-74460
-7656
-35913
65821
89848
58941
42373
-34996
-25145
79125
-3218
-15558
-47292
-25747
-28261
95367
91323
-58819
2596
7456
73305
79227
-11028
27537
-35045
2224
35547
-89279
7959
-87462
58175
61940
-43972
45339
62126
89689
97140
-46020
-51467
93976
400
-97345
-85093
-67492
51737
-95217
-76432
-54080
74506
-83594
-95286
28289
9755
-37475
73235
61216
67325
-43791
-13706
-60604
-30719
-58116
-27593
9191
63029
51732
89944
-54625
-6816
39278
-48134
9132
23294
41364
-49395
94639
2083
70779
-58606
-88943
-29061
7299
-68398
-53507
34287
82495
-13210
89134
68519
27498
30887
-54034
75582
99503
-78389
-20526
-87864
-18275
36917
9613
-20028
-31191
-68388
-94159
49300
-52414
-12347
-22189
31283
-91746
-21616
-95081
67909
-63346
-1470
-74591
56160
42350
-69014
4194
-10827
-13932
-64637
-42435
-32941
-7707
35756
-87892
-56685
-54144
48514
73650
33467
-34276
84469
-28716
-42033
73713
47883
-76132
-36738
53950
-14165
62480
-79878
-16932
55993
-23784
96206
-65166
40260
-882
-1664
9533
-76096
6828
79197
-76554
37586
73820
-94082
25066
79810
86643
-62972
-4842
8512
34627
-35263
68823
91125
55482
49315
69836
-18118
-22433
31201
-63474
91633
29760
-72944
-3146
-94364
-20104
-49856
-58888
-23982
62496
63964
-46586
67795
13855
-30199
-32938
33142
-84714
69256
-43617
-155
57743
-68787
-91243
70848
-25471
-89705
81204
-53073
61632
32667
-8767
-14622
23911
23983
25507
89724
28430
88846
53792
-10056
33318
-73068
88222
-71134
4708
54146
77903
35390
-29545
-90813
46117
71666
34026
28096
13111
-80872
-80997
34590
-64272
-91671
-91619
58047
-67208
10264
-79821
-80049
80861
53398
48593
64546
-46494
-98492
90175
31067
-73513
-25845
-33335
-82552
-87637
5385
43061
-75477
-70348
82968
23174
-51943
-77957
-59176
673
-39529
-53901
-22771
-18521
-20512
-36515
11082
17379
-68334
51092
-95765
-31256
41397
-66512
98063
-71314
6544
45896
32920
16461
-64173
-46984
-89425
16400
12310
3501
-87462
-47082
-93153
71508
-19143
25740
-1498
52452
91420
4169
26531
-95540
62467
62890
-71273
98560
-35055
-48602
46125
-28247
-32005
42942
22969
-57845
73273
-42250
-40473
56617
-25831
98354
-10568
49136
-56896
-57638
-56228
-31905
49266
-16911
-70433
88047
28477
80698
18810
92613
-13039
5087
73195
-43979
-11758
21390
31985
59035
3706
67185
6099
-91490
-47299
-84066
38393
16227
5734
32979
-23003
91860
10797
25943
25320
95285
-90583
-67907
-69331
255
-29745
-86481
87597
15598
-94525
31969
-61946
-59839
-43481
43423
-60101
-89064
-61975
62310
-17779
-52102
16559
-22534
-33904
-18527
-36964
18610
-35853
25026
34596
65256
-83994
-80596
-47536
-31522
35307
51553
-84147
-65839
25647
-2473
21513
995
-95978
-12120
91390
-66961
11635
44647
-8254
-89236
9346
-56123
90019
-92539
-54283
-79506
-44280
-3622
-48317
-86744
-23072
-62821
-8432
-28662
76766
88857
-20861
-58301
6567
-5024
-76502
88465
-40699
54341
-58386
-63134
7259
97765
-30633
23499
-74677
-37438
45977
85494
-12850
20537
-34610
-47695
-41840
91369
-40393
66216
65341
-20762
36921
61561
86071
-56875
20373
41099
-4075
68407
-19184
-25906
-61268
62438
-7347
5266
80728
-50947
54311
44905
-85464
-41427
-56825
-22716
-96528
-96411
99976
89629
-18899
-10940
32232
69273
48619
-87323
-18276
75386
84818
-87278
-57602
10425
-96543
35188
30294
70350
13743
73420
-6305
11361
34863
7692
87065
-63414
-55322
-62592
35310
-54355
-69542
19106
-89311
89487
14230
69904
-44165
-87272
5435
45709
75818
-35559
-38555
82158
-53655
18206
88886
-65995
45404
-62806
-2116
-65541
-96467
91509
51230
28682
-31241
-30120
95886
-82754
-48022
30393
75
-50403
68362
9359
-62569
-51427
13660
-70234
99583
5304
-1005
-61135
-56582
98237
-53689
-92913
-39739
15225
20402
-13975
-74136
23046
97243
-13005
46169
-65141
-82677
-29811
53856
-23880
64829
25596
27000
29510
-11029
-77713
-88930
19881
-19560
45084
-70536
31209
51076
18087
63700
-18352
-27034
1168
59049
-70592
8923
-41433
67205
67222
91558
-36005
-3672
-88160
-84369
88073
10153
-74593
-60333
5729
-33202
-53010
37647
-94749
76556
-99357
33618
55637
-13407
-74527
9084
81605
-18736
-25536
48547
82890
-42630
-49606
73515
32465
-697
24834
46201
-27178
-14163
54694
45365
42679
-458
-81540
78883
51176
-945
95811
77140
86935
7148
57360
-3438
-58695
-36387
96511
28434
-87516
57194
-59382
-36013
86485
-39772
75864
24015
89311
-63264
-32407
43334
-88642
44064
54894
83177
75073
-45453
24914
89951
-47057
-87554
97656
12433
-37512
14172
79977
-64499
-46572
-9933
81017
-7649
-32793
65056
-95350
88244
89235
29602
18532
-69199
-25641
-83668
-55776
21509
79731
-8430
-55167
-744
-91857
90984
3779
-57468
-85373
76173
-23326
2364
83463
-8659
-77038
-21657
82196
-26770
90016
-96990
-46602
-98551
-39474
72066
-70377
-4154
50625
96208
6205
-14601
-91606
24243
64415
20655
40265
53767
99150
-34814
86030
-70649
34
-51689
40791
78004
39826
74833
88478
50706
-24297
-7055
8473
-80245
65799
-60907
-15279
-69406
-62782
-97683
-11840
75743
-87750
94484
-58331
-17105
-59736
26298
87044
93396
68154
-4898
-78390
4224
28861
67578
58233
-86451
-45665
21932
-67654
-31608
-97337
-20584
-43573
51018
29529
41784
17051
16507
5465
60479
-41615
390
-47504
-47311
72083
69794
85218
-88344
-99333
-82456
26693
-95083
86962
49836
45935
-72734
-84057
99175
21183
-34829
75544
-23950
2133
-18830
-96135
9326
-59063
16759
45381
38672
-68052
-39787
-19191
-30105
34814
-51049
-75985
96533
17903
94587
75696
44612
9210
96712
50002
-39324
-61340
-90156
-68993
-44376
24051
91093
56286
68125
34625
39799
-11391
-99495
-57462
90617
-10890
83263
27358
48003
-48219
-23231
24940
-84375
14165
-89734
-58875
-14453
-93352
98062
91932
-93980
-50369
-68766
27976
-88580
-74087
-59544
-43049
-81285
68489
-89924
73208
-76457
-96669
3951
75745
-10843
-63050
-18834
30804
29236
-24164
35183
-53316
-48960
22188
31816
84885
-66115
36268
70678
22451
42501
65018
-26719
-82538
-36362
42415
48352
16311
-83236
-3144
26263
87659
-68831
85503
81404
11788
-38346
-81887
-3753
-74488
-52410
-50172
-24245
-36666
-55650
53773
43294
-63458
-16928
-91410
-40833
-11823
-88232
-38403
73255
-16321
79332
-24066
-72540
-15086
-84828
93623
86738
-72373
-60316
53337
-95741
-60426
76746
18132
51646
-37301
83351
-2866
-85598
90822
879
-64721
-85299
15354
-58609
-44677
-54230
51887
-62941
-59719
49444
55254
-964
69356
39953
16097
9578
-42505
-72769
-13154
-63522
-61128
-40791
68932
-91539
-20470
-41135
33760
-47626
74217
5192
-51775
-1917
-12307
19937
-66553
4559
-13935
78602
42633
3147
-62309
96417
54788
-25839
43853
23431
-74611
34840
91558
7428
-85017
-4214
-91807
-76640
-63098
38812
-2345
76529
70183
-6469
-74788
-81103
20823
27789
76511
-78959
25464
30028
-88627
54624
48245
2528
99668
16255
-22376
-94255
-23724
40589
19638
15712
-62006
93296
-76989
60194
25072
7028
80206
-23151
2578
-34646
69534
-19936
49079
30413
-65447
70525
92550
-97899
-75544
-73435
-79680
-85373
-80694
35867
-66406
-34222
25
26712
24069
14435
34971
-65676
14187
28769
86808
-20934
-51310
56920
98303
-41878
-58175
82656
-99810
88524
82096
35473
-80631
9601
-76399
-68753
-71812
74139
76324
-85395
-81908
15905
96509
-80728
-31703
95803
86036
37816
31480
55194
27712
-76774
56788
-69927
75838
-3106
79148
-34843
-18752
46369
36578
16617
85776
-97615
49186
-78417
62772
1801
76240
58524
-26140
-27946
81964
76361
-31646
-58446
50931
92932
-89408
-43971
-53241
-34331
73773
29294
-65804
-8557
-57772
-37568
88724
-57893
-14909
47462
42868
-90026
-9370
71876
-71951
92201
97395
-54703
64431
-90564
-43587
39175
-27633
6554
45085
6299
19722
88054
-88198
29203
74884
13291
-26817
8500
92182
56361
90772
-4329
-76756
39294
41599
69999
-84620
47080
-47828
64051
-28377
19627
74654
-47304
37561
99752
-25947
57749
65621
61229
-42472
5360
-51539
-21523
-68095
10135
76462
82152
-1726
-25352
-66557
49022
25458
-42875
64291
9289
-16706
-76810
-35541
35676
21561
32014
-79762
94476
24258
-50600
-16762
-29013
-61443
-39690
9904
19195
-64373
49002
-1914
39429
-26827
-55286
-97124
57015
-12873
87498
-7038
72347
-28803
35142
-82899
-1669
-40608
-27673
-9908
-32412
60804
22532
-35155
-62381
-86600
92463
62131
32745
-84646
43940
-45465
-72535
36167
85214
1843
-74545
46918
68807
75835
-41919
84582
-4001
98059
69438
-12987
-65552
-81622
-57598
-81632
-16243
-42802
77679
82905
-68488
78222
52258
32549
80704
3555
-79078
84258
-69502
43244
-93214
79428
86281
-28282
86606
73070
-8770
50503
-25771
60989
-26263
-96540
61784
67947
19427
-94824
-33230
-19759
-165
19110
72827
81005
-13593
-72027
19497
-66559
-19783
-52170
98320
-14307
-18233
-65881
-31924
-24118
74607
-82941
12280
36781
10338
61700
97649
3123
-4502
47354
-49014
-29220
31245
37327
-96197
-16960
-57018
-86136
-29286
-90859
88761
18262
-80871
-47706
43149
-71984
-97363
76820
9295
83003
-74111
-96653
-41750
-56318
-38240
29187
21754
-98289
33242
94966
11560
660
63489
38675
-99272
15502
-53765
-51347
17382
48883
79798
-25971
-12192
29419
27547
6917
29789
-2538
-1667
-5058
91718
-3858
13077
24889
53961
-44127
-50556
62199
-99308
54047
-27315
-98729
13961
8559
33556
-38211
93435
-38327
97417
615
-96254
46301
-24740
-26853
11947
86037
-22892
-73878
12678
61165
-49600
55574
24495
81375
28847
-43810
88548
21806
70211
65557
68756
-66939
-64116
88016
-18551
71114
37742
543
-38029
-30111
31163
27701
-15810
-69465
-13938
-29375
-27849
22613
-52448
-61707
-25821
3501
-36593
7365
49594
-73717
46970
4542
-49974
16529
28278
13236
84792
58376
-72800
-53676
86674
-9318
51647
42226
-9860
86873
28165
33952
-53199
69317
-19879
-67617
-41427
91694
7810
16284
-833
-47548
-78507
-15083
-44110
22498
-67286
66977
26928
-50794
-42541
-4402
50802
19011
-75894
-64192
-61760
28109
79648
-20620
81320
93787
-60151
-52930
-56017
-67559
67234
-40626
-94027
-45672
43151
-86664
-55342
70293
-24621
-6575
-59544
57311
-34850
-89166
-25628
24539
50218
16204
70721
60417
51357
-77859
82580
-51715
70045
-81423
42354
78161
15221
50445
95607
23542
84562
-39465
-43633
-33988
-15390
-17884
-84856
58441
62550
68558
34412
-45251
28227
-11097
-77844
-94442
-66176
-90581
33052
75611
-39325
4558
7532
-61005
-51447
-49320
-14885
-98245
30026
-7516
-89133
-88136
-71457
-71683
4843
7262
74139
-25274
47961
-73438
-79377
-54911
94881
-74879
-12597
-8070
81437
-39967
25959
-1068
41736
-89408
69014
-22103
-14726
77778
21298
9644
-1377
67609
93233
-43388
-91144
9415
83757
-14281
29051
-21512
-23715
86500
64252
85110
49755
35668
40478
-12601
22255
35744
24055
-53906
99889
-38423
33404
53076
-40042
-23562
17174
-91696
21925
7346
48193
50328
-19674
69317
60027
-96594
-62527
67130
-10321
-83991
-57318
87569
61367
30785
31854
-91925
-30710
-41516
-36119
-45144
40151
-8724
35756
3304
-11494
41604
58741
28417
9693
39679
86073
96076
-43628
-45162
95034
17237
52219
-43929
48116
-31267
-60818
93843
-93465
-34500
-65785
77354
79114
-44961
81023
-17797
12729
-65797
22262
-72388
-30368
52915
52433
-79223
251
75700
-37510
37532
-96418
-61871
88188
82796
-85629
-69990
39319
13406
-9514
-74965
-94794
-58776
66743
10673
-77267
73302
-48835
-94001
21048
-25485
71522
57825
680
-85565
87499
-58907
-24671
83581
-60281
-45081
-55819
66776
-19335
-10048
61931
-70645
21595
75087
5324
58146
-21078
-62619
-53689
-40827
87331
-42860
78178
94849
64753