1647240 278 1 
7593512 278 1 
9515089 276 6 
8990077 276 2 
3553994 275 2 
6444730 273 1 
3367855 272 5 
6060284 267 2 
9025094 265 7 
5510026 264 9 
3555177 263 9 
7428008 263 8 
5797818 260 7 
1125256 259 5 
5944289 259 8 
2230171 258 8 
2728335 256 1 
9371151 256 4 
2327610 255 8 
5245088 253 8 
4633000 253 5 
4453615 253 6 
8798059 253 6 
4728705 253 2 
3231873 252 7 
56525 252 5 
3698501 252 6 
5344271 251 3 
7276834 250 5 
7001768 249 1 
5076874 249 6 
8073943 248 9 
9753459 248 6 
55410 243 2 
7551725 243 6 
7746683 243 6 
7177585 243 5 
5231206 241 6 
9673339 241 4 
2493915 241 2 
4597340 241 6 
1758189 240 5 
2317405 240 2 
4682861 240 4 
8259349 240 1 
5461296 239 8 
4380112 239 1 
7603082 238 5 
5729662 238 9 
5982337 237 3 
8773067 236 6 
4950486 235 1 
3840981 235 10 
4031746 235 6 
8502227 234 5 
3273598 233 8 
7052623 233 8 
3245476 233 2 
6470270 232 9 
8925532 231 6 
8266100 231 2 
8942306 230 2 
8604487 230 3 
5133254 230 5 
9528765 230 7 
2387814 230 8 
6420328 230 8 
2456711 228 9 
2393121 227 7 
1406436 227 6 
809345 226 6 
6361212 225 2 
7576102 225 8 
1378110 225 5 
7038558 224 2 
5347339 223 10 
5882381 223 2 
9389079 223 6 
6131062 223 6 
403442 223 9 
7526251 222 6 
2352515 222 6 
810959 222 7 
1210716 220 5 
654031 220 8 
7118014 219 8 
5137855 218 4 
3551565 217 8 
5063047 217 6 
3566260 217 1 
6200143 217 7 
9386849 217 6 
7234468 217 8 
1217755 217 10 
3962781 217 5 
4383433 216 2 
1373205 216 5 
3393038 216 5 
8136441 216 7 
9570539 215 9 
8819341 215 5 
3752713 215 4 
6117224 215 8 
9033616 215 6 
5474415 214 10 
512143 214 8 
7926129 214 6 
8600213 214 10 
4664570 214 6 
6031353 214 4 
8257732 213 5 
9727013 213 4 
9570113 213 3 
4196376 212 4 
4438401 212 9 
2500360 212 6 
2764902 211 8 
1198222 211 4 
6748792 211 10 
9727425 211 6 
7724533 211 9 
6313074 210 6 
481106 210 10 
4450692 209 2 
4789003 209 3 
9980993 209 9 
7957670 209 3 
7171498 209 1 
6772411 209 10 
6965768 208 5 
5448302 208 8 
1243795 208 5 
3237 208 10 
1472661 207 1 
6799620 207 9 
5941048 207 8 
4716508 207 6 
4978696 206 10 
1794351 206 2 
1735153 206 4 
5902868 206 6 
90750 206 5 
2472746 206 7 
8625190 206 5 
6409428 206 10 
2477410 206 3 
5992278 206 5 
1736840 205 3 
5669756 204 2 
9194816 204 7 
6725211 204 10 
1998562 204 5 
3311746 203 9 
8507719 203 9 
389515 203 2 
5370581 203 7 
2194333 203 1 
5612973 203 2 
2649521 203 9 
4480570 203 10 
3501652 203 7 
5617755 202 3 
2677094 202 3 
796603 202 10 
5758999 201 9 
8407842 201 4 
4625319 201 1 
9374685 201 5 
1791981 201 8 
2932858 200 9 
5640492 200 10 
2843040 200 2 
9806242 200 7 
5042827 200 7 
3532149 200 1 
1576414 200 2 
4603765 200 9 
777002 199 5 
4809843 199 4 
2772349 199 6 
7407494 199 7 
8501568 198 2 
7989883 198 5 
8872969 198 1 
9788636 198 6 
7710295 198 7 
4114085 198 2 
7426285 197 5 
8497401 197 9 
9691641 197 4 
9249788 197 1 
4235208 197 7 
2437623 196 6 
3009031 196 10 
1559237 196 9 
6008680 196 2 
5105569 196 1 
6764749 195 5 
6069407 195 10 
8339620 194 1 
293998 194 4 
5289449 194 6 
7161946 193 9 
512460 193 3 
9750992 193 8 
1780249 193 3 
8637140 193 5 
7877697 193 7 
7841053 193 10 
2469232 193 3 
228865 193 8 
9485973 193 2 
7376009 192 2 
798171 192 8 
177755 192 5 
9751792 191 1 
6770137 191 4 
227153 191 9 
1390670 190 3 
3523165 190 10 
9691806 190 8 
8139635 190 5 
9499540 190 1 
5051578 190 1 
7309079 190 8 
1025846 190 1 
131330 189 8 
7305714 189 7 
2282297 189 2 
9158089 189 8 
2410627 188 9 
8309009 188 4 
895532 188 7 
174718 188 2 
449324 188 2 
4170680 188 5 
6456962 188 3 
5464364 187 8 
1235470 187 2 
4291738 187 8 
9784517 187 5 
7818540 187 9 
1765267 187 9 
2832651 186 2 
9685943 186 2 
320445 186 5 
3611813 186 7 
2332293 186 10 
1175226 186 2 
1798029 186 8 
8050635 186 8 
8679509 185 6 
3932548 185 4 
9882273 185 5 
5632785 185 6 
9632567 185 2 
3642212 185 7 
9194375 185 3 
5632912 185 3 
341566 185 4 
8695385 185 6 
4600702 184 2 
3396532 184 2 
6453541 183 4 
2226737 183 2 
7838313 183 1 
6292192 183 2 
5831396 183 7 
8920014 183 1 
8219753 183 6 
4423003 183 5 
2504092 183 2 
4950121 182 8 
5597364 182 6 
9937168 182 3 
9312589 182 5 
7041930 182 10 
1148370 182 3 
3964775 182 7 
1447118 181 6 
4781278 181 10 
4918681 181 3 
9590613 181 5 
9613452 180 3 
2980000 180 1 
4199412 180 7 
8574372 180 6 
4005318 180 3 
2307729 180 4 
7233759 179 1 
5604157 179 6 
8801843 179 2 
323255 179 1 
3075983 179 9 
9531444 178 7 
9171737 178 1 
6307150 178 2 
1044043 178 10 
2031414 178 7 
5058563 177 6 
3156096 177 5 
1317007 177 7 
8907108 177 5 
3727930 177 6 
6226600 177 7 
8430286 177 9 
879870 177 6 
4714579 176 1 
6320318 176 8 
4633158 176 9 
8031014 176 9 
113765 176 4 
2049265 176 4 
5174594 176 5 
241016 176 5 
6636953 176 5 
3538821 176 3 
9357588 175 1 
1078072 175 6 
1901372 175 5 
4822161 175 7 
7308564 175 2 
3452266 175 2 
9248288 175 2 
7986900 175 6 
9754458 175 3 
407631 174 10 
6420631 174 2 
8452362 174 5 
4217248 174 5 
228721 174 2 
4044151 174 3 
4517488 174 1 
1896065 174 6 
1877730 174 4 
6365239 173 7 
1868150 173 5 
1143195 173 4 
3896076 173 9 
8952629 173 4 
1686441 173 1 
3222911 173 7 
2450922 173 10 
4533887 173 6 
2266775 173 6 
4201710 172 10 
2987393 172 10 
8370309 171 9 
5118898 171 9 
3204092 171 3 
6016670 171 1 
4652792 171 3 
5457813 171 3 
534574 170 9 
5003358 170 10 
9908407 170 8 
1266096 170 4 
6077021 170 7 
7968043 170 5 
2851149 169 6 
4072202 169 7 
5774108 169 8 
9168053 169 1 
6991159 169 4 
2543110 169 4 
1937002 169 5 
9502379 169 3 
317121 169 5 
7901314 168 4 
8954342 168 4 
6308379 168 10 
1326005 168 1 
8727554 168 8 
9757834 168 5 
6907033 168 3 
6049221 168 10 
3819500 168 1 
1088268 167 3 
7443226 167 10 
8952818 167 4 
904253 167 4 
2293049 167 2 
2153864 167 3 
948129 167 3 
8821307 166 5 
2430266 166 8 
4595712 165 1 
2560487 165 3 
7492210 165 1 
2962157 165 10 
1656199 165 10 
2227761 165 1 
8709771 165 8 
672236 164 3 
4344604 164 7 
3298466 164 4 
5522821 164 5 
1390029 164 8 
5082681 164 7 
632548 164 2 
4765767 163 4 
5460535 163 9 
1577549 163 5 
7430870 163 8 
9784337 163 3 
7062630 163 1 
7724636 163 3 
1349254 163 1 
3942216 163 6 
618416 163 8 
264230 162 2 
8317352 162 4 
6554149 162 7 
6498985 162 5 
7793364 162 1 
4481839 162 7 
7566292 162 5 
9440390 162 2 
7736623 162 1 
5463793 162 6 
3141451 162 5 
2185415 161 10 
4884958 161 10 
1112588 161 2 
1094161 161 4 
6791916 161 5 
5069671 161 10 
7908632 161 2 
8693644 161 9 
8167583 160 2 
2093420 160 2 
7786913 160 9 
2775657 160 7 
2509527 160 8 
8770375 160 2 
2499477 160 2 
8228755 160 8 
1007628 159 8 
6478150 159 8 
6703571 159 1 
8706676 159 6 
6548188 159 4 
8437480 159 8 
4296703 159 10 
4993514 158 4 
3039835 158 6 
9820864 158 8 
5169971 158 4 
5918085 158 10 
9842537 158 5 
4220888 158 1 
8650882 157 5 
5634444 157 6 
3109538 157 7 
4772629 157 10 
515982 157 3 
2013238 156 6 
2801895 156 8 
4063527 156 4 
7788973 156 1 
8511921 156 8 
1501842 156 2 
2686119 156 9 
3488933 156 2 
5133542 156 8 
7552313 156 10 
6991247 156 1 
5662749 155 8 
7600410 155 1 
3060136 155 9 
6502831 155 9 
6427209 155 7 
3310257 155 3 
4357700 155 7 
5520983 155 8 
2246431 155 8 
6944786 154 5 
3965078 154 8 
8628476 154 4 
1501987 154 5 
6214462 154 5 
1059849 154 2 
7423137 154 5 
1776836 154 9 
226573 154 2 
8527230 154 5 
398782 154 4 
9834013 154 3 
9821847 154 8 
4099771 154 9 
6490144 153 8 
3410201 153 8 
2027832 153 7 
4028972 153 9 
1840433 153 2 
2172813 153 8 
5816231 153 5 
975012 152 1 
1075615 152 9 
485936 152 5 
9122596 152 7 
1869240 152 6 
1509084 152 6 
7122660 152 3 
3704681 152 1 
284553 152 2 
5926954 151 4 
473312 151 1 
8978761 151 2 
8504469 151 8 
4158708 151 9 
2817358 151 8 
2497902 151 10 
6734053 150 7 
9505189 150 10 
2228825 150 8 
9028238 150 10 
8840010 150 7 
9999193 150 10 
2343837 150 5 
3296517 150 4 
4949818 150 1 
6473546 150 8 
1392693 149 3 
604220 149 6 
6232693 149 3 
7195502 149 1 
5756076 149 6 
4945392 149 3 
5150444 149 5 
4396914 149 6 
2172923 149 6 
3565695 148 8 
1157266 148 2 
4340022 148 8 
9996728 148 6 
6570441 148 5 
465540 148 5 
4944528 148 9 
4895428 148 3 
9641381 148 2 
9035174 148 7 
9895602 148 1 
835567 148 8 
4686305 147 10 
140288 147 5 
4938917 147 8 
826564 147 3 
6008613 147 4 
7905079 147 3 
9752672 146 5 
5251263 146 1 
3164464 146 1 
3132062 146 3 
8807464 146 10 
9260415 146 9 
1496686 146 8 
4644493 146 4 
8459928 146 4 
2412526 146 4 
6297650 145 8 
6127674 145 4 
3963004 145 10 
4197377 145 8 
4240728 145 8 
1291628 145 5 
488864 145 6 
5091027 145 4 
8046636 144 5 
6707267 144 3 
2163495 144 2 
8185648 144 7 
5324894 143 7 
1702573 143 9 
6509338 143 3 
1713457 143 2 
4943239 143 5 
8490555 143 5 
7798913 142 6 
1169882 142 1 
608756 142 7 
7942841 142 4 
5434319 142 8 
2924161 142 8 
6588433 141 3 
6729921 141 8 
2040115 141 3 
4645247 141 3 
2061305 141 2 
3464459 141 2 
376130 141 7 
1777344 141 3 
5446226 140 8 
5202722 140 2 
3910646 140 10 
9727879 140 3 
4986921 139 2 
1587392 139 5 
6265137 139 10 
9163322 139 2 
1934052 139 10 
4115803 139 4 
8050027 139 1 
9817539 139 7 
931550 139 8 
9732684 138 10 
682764 138 5 
4170533 138 1 
616312 138 9 
4915238 137 8 
5118092 137 10 
9595387 137 7 
9222670 137 5 
414498 137 3 
5479447 137 9 
8651841 137 4 
4278970 136 4 
3925096 136 4 
597142 136 10 
302295 136 7 
6967082 136 1 
170007 135 6 
9375863 135 2 
3915910 135 7 
8530508 135 1 
4883047 135 5 
6650804 135 8 
5825967 135 6 
5494291 135 4 
6411974 135 4 
540496 135 10 
1681503 134 6 
2273499 134 4 
4317494 134 2 
3794207 134 9 
3098098 134 7 
5436957 134 4 
786374 134 2 
8857955 133 8 
6325060 133 8 
6144837 133 7 
6921372 133 6 
1750671 133 10 
8509180 133 6 
4763523 133 2 
3862640 132 9 
8401061 132 6 
1943794 132 1 
1859354 132 7 
9469747 132 1 
6649731 132 9 
2564017 132 1 
65598 131 7 
3188847 131 5 
6355147 131 3 
8633191 131 7 
7363479 131 3 
3384310 131 10 
1832334 131 8 
7968394 131 9 
6605062 130 6 
6738314 130 3 
7146218 130 6 
6792607 130 2 
3739182 130 1 
6580050 130 5 
7145562 129 1 
1665700 129 8 
7899840 129 7 
7876005 129 8 
356313 129 9 
927846 128 7 
4507762 128 8 
1663146 128 10 
3337427 128 9 
1273776 128 6 
332343 127 10 
7635733 127 6 
1280953 127 7 
6716544 127 9 
3513593 127 1 
7345570 127 2 
5703139 127 6 
338032 126 1 
5157150 126 8 
6331476 126 2 
5133420 126 10 
2016544 126 2 
66853 126 10 
30048 126 4 
2883100 126 2 
4527846 126 5 
1362043 125 7 
8114593 125 9 
4149991 125 10 
3844865 125 2 
2464901 125 8 
2981580 125 10 
1435652 124 4 
9971783 124 4 
1202939 124 9 
5745499 124 6 
8563968 124 6 
6536950 124 3 
6899574 124 2 
2762998 123 2 
7793395 123 2 
4762898 123 5 
470368 123 2 
331327 123 9 
644678 123 2 
9094791 123 4 
8203975 123 6 
7591685 123 9 
548852 123 6 
6779113 122 3 
8063341 122 6 
9947662 122 3 
6922987 122 3 
8121197 122 5 
7074720 122 1 
8427273 122 5 
3700700 122 4 
5591047 121 6 
5695519 121 7 
5161071 121 5 
4993970 121 2 
4216030 121 1 
2516569 121 1 
7088110 121 6 
573561 120 7 
9441495 120 8 
2597342 120 8 
9536036 120 6 
19041 120 8 
8843996 120 9 
2663223 120 4 
8520562 120 7 
3925149 120 5 
6512239 120 8 
5326654 120 4 
4855621 120 6 
6404084 120 1 
2775451 119 7 
5401858 119 6 
6425876 119 7 
3671450 119 2 
3108334 119 3 
3585980 119 4 
5144838 118 2 
5657128 118 10 
635472 118 3 
3531696 118 5 
9499596 118 10 
4080736 118 6 
8379916 118 10 
7228239 117 10 
9004022 117 10 
5608575 117 8 
1406336 117 8 
9823921 117 4 
5353619 116 7 
4093317 116 4 
6088116 116 8 
5861108 116 3 
4732793 116 10 
8312848 115 2 
7462948 115 8 
8065096 115 10 
3588248 115 8 
2572786 115 1 
9270600 115 1 
1343094 115 7 
9256600 115 8 
6658873 114 9 
6940217 114 7 
839266 114 1 
8867709 114 3 
5294112 113 4 
1034389 113 10 
6470214 113 8 
340793 113 5 
7631701 113 10 
415115 113 5 
7699926 113 4 
9780725 113 1 
7833518 113 5 
6305733 113 8 
657358 113 7 
9488903 112 10 
1033001 112 8 
7036300 112 6 
261947 112 7 
9497158 111 1 
6362209 111 6 
7736469 111 6 
7638208 111 7 
4775109 111 6 
5504448 111 1 
3241509 111 10 
9811792 111 1 
6027693 110 7 
5169729 110 10 
7349083 110 4 
1678505 110 9 
280427 110 9 
4151355 109 9 
4413613 109 1 
268467 109 1 
1333483 109 2 
2543891 109 3 
1200582 109 1 
3539625 109 8 
8489688 109 5 
1506061 109 6 
4344763 109 6 
9825464 109 3 
2299369 109 7 
2694719 109 6 
7325260 109 5 
9953176 109 3 
1651559 108 2 
4963934 108 4 
4484744 108 4 
2744175 108 5 
3795358 107 2 
1850489 107 3 
567149 107 10 
2910273 106 8 
4302357 106 4 
1486516 106 6 
2074684 105 5 
6780165 105 10 
3037215 104 2 
7209625 104 6 
1866836 104 3 
5067928 104 8 
5129605 104 3 
2432548 104 5 
7965429 103 6 
531421 103 10 
879667 103 7 
4603313 103 7 
6835772 103 8 
4740887 103 5 
8959796 103 5 
3508178 103 3 
1257919 102 1 
3052054 102 3 
600667 102 8 
7049981 102 6 
6699778 102 2 
3579294 102 4 
982589 102 6 
3748782 101 8 
2510862 100 10 
2252983 100 2 
7592133 100 5 
5814670 100 4 
2679192 100 6 
3511411 100 7 
9301362 100 10 
2208298 99 2 
398973 99 5 
1572645 99 1 
7819478 98 2 
8935919 98 5 
8727628 98 10 
7644550 98 8 
4409255 98 4 
456798 97 2 
6650428 97 9 
8667955 97 9 
4897728 97 10 
6080254 97 2 
9413274 96 3 
1557875 96 5 
870073 96 7 
8818423 96 9 
393167 96 5 
5202323 95 5 
9140807 95 9 
3685024 95 5 
9048827 95 9 
152605 95 3 
3523800 95 2 
7523961 95 7 
2598914 94 3 
2855393 94 5 
5744558 94 6 
3517215 93 9 
7535625 93 4 
2863658 92 7 
4223861 92 1 
6855894 92 7 
7732542 92 9 
9303919 92 4 
3278708 92 9 
2709746 91 9 
462909 89 8 
3361347 89 4 
5403476 89 2 
9080032 89 6 
6397542 89 10 
3101186 88 10 
5866254 88 4 
7912904 88 8 
3829428 88 8 
4545385 87 7 
5914900 86 2 
6281531 86 6 
6410890 86 6 
1006727 86 8 
5356378 85 7 
9264862 85 2 
8435914 84 7 
8617634 84 6 
1273187 83 5 
8666623 83 5 
2117431 83 6 
2593422 82 3 
5915750 82 1 
2054633 81 4 
4254722 81 6 
3159160 81 4 
6346118 81 5 
1712657 80 10 
899617 80 1 
97038 80 6 
4048399 80 9 
1420938 80 4 
1203928 80 9 
1808502 79 2 
1247780 79 6 
9378550 78 2 
4475752 78 6 
517133 78 8 
976588 78 3 
4333778 77 9 
2409271 77 10 
6362421 77 7 
6759888 77 9 
7625694 76 2 
4125747 76 7 
8976364 76 10 
2939237 75 6 
8004681 75 9 
8000993 75 8 
9269453 74 2 
9613547 73 7 
6775430 73 4 
169361 73 9 
4507266 73 7 
1926817 72 10 
6903756 72 3 
5900150 71 7 
5005818 68 6 
8922778 68 9 
6392083 67 1 
6407748 67 2 
4485554 66 4 
3130170 66 7 
4072959 66 6 
3904144 65 7 
7885190 64 7 
9126758 64 8 
7751949 63 6 
6397869 62 3 
8910097 61 10 
263443 61 6 
8781104 60 2 
9228584 58 8 
6444303 56 6 
5938788 56 2 
9688683 56 9 
7105393 55 2 
3997161 55 7 
6517215 54 9 
3908379 54 10 
9505631 54 7 
1569250 53 4 
1468578 51 10 
9690572 51 2 
7572089 49 2 
4113317 49 1 
1782644 48 9 
6547316 48 6 
3929204 46 10 
5197172 46 5 
69029 46 1 
8428590 43 2 
6411408 41 4 
2156495 39 8 
3767884 37 6 
1586817 36 3 
3413043 31 10 
3824204 26 10 
3030197 17 6 
